2706923 2042138 2402944 2851683 2053250 2179370 1755588 1457498 2013353 1470735 
3166644 2529524 2698239 3024121 2264256 2303082 1944230 1663176 2522647 2134872 
3727696 2297948 1628417 2850036 1655009 1715033 1838566 1154187 2019622 2456624 
2503071 1939863 2598775 2554337 1858742 2060987 1471664 1532926 1897282 1350267 
3350815 1989049 2261294 3062447 2230966 2412438 2171061 1559735 2050031 1998471 
2019940 1213410 1602368 1860798 1268304 1844827 1530255 1310142 1435262 1216821 
3328659 2033670 2701535 3214998 2055283 2122747 1827837 1565771 2255302 1886116 
2655222 1879390 1757050 2337937 1373808 1789542 1404904 1171061 1764311 1499281 
2405071 1886494 2923341 2964403 2266019 1940435 1540832 1577558 2001250 1305095 
3712268 2579681 2589484 2881968 2157484 2215099 2177875 1549339 2498131 2686979 
