2541692 1854206 1264762 2807680 3464734 1777529 2498671 3036670 2559933 2445917 
3017452 2125235 2320310 3480552 4528940 2308817 3697566 3417560 3662060 2970473 
2450113 1406680 1687302 2794176 3301083 2235237 3648154 3167786 2856473 2470459 
3090267 2194675 2010282 3483160 3991239 2398643 3738588 3937901 3244256 3139236 
2588067 1796847 1678042 3293287 2874744 2071686 2558111 2370490 2761480 2698952 
1694555 1264184 1675452 2383933 3135430 2434655 3590891 2808175 2939900 1846530 
1870912 1973166 1579705 2841315 2343152 1823639 2922198 3075683 2806335 2553551 
2247473 1826017 1789119 2768019 3042021 1688207 2999683 2762571 2984722 2564404 
2065063 1337512 1953353 2217022 2262688 2279475 2666075 2449853 2127368 2029845 
2658416 1805337 2007857 3261183 4183442 2378282 3123399 3407205 2846723 2936534 
