843 442 365 110 476 183 926 179 1 552 918 951 616 192 967 78 581 483 899 164 519 189 232 484 921 299 188 317 101 983 404 184 664 235 18 254 559 576 207 369 726 556 599 809 939 524 696 812 528 659 752 210 907 64 718 478 869 592 584 170 912 545 505 275 942 820 512 328 38 435 213 480 243 394 864 847 789 70 554 906 258 6 552 528 417 651 567 979 895 686 411 371 280 598 494 520 734 162 157 398 
63 966 291 644 850 265 347 597 821 633 950 813 262 468 218 776 109 453 244 571 628 896 809 336 583 335 756 216 359 882 304 496 115 460 429 574 266 565 881 725 306 219 308 484 798 949 119 599 3 523 673 161 992 343 858 558 598 121 247 615 610 688 977 884 848 853 394 618 943 867 402 221 242 279 326 902 329 723 390 149 415 563 959 282 399 363 916 989 553 500 510 305 662 498 478 653 195 500 976 912 
237 534 811 520 657 77 113 57 512 979 224 790 982 471 759 993 686 266 93 460 920 9 662 528 331 113 145 659 328 408 474 715 345 481 332 447 251 7 732 623 19 90 100 375 612 849 695 549 454 661 254 955 958 528 154 734 386 821 263 477 207 426 269 588 19 333 244 491 968 441 270 260 276 183 964 740 670 359 63 320 503 839 398 947 942 501 680 558 205 75 520 936 108 491 358 695 432 203 746 473 
877 708 144 221 712 362 792 269 173 322 161 487 850 609 886 385 712 820 88 277 989 169 592 929 330 738 921 18 593 221 625 41 727 583 996 246 438 162 928 769 945 774 623 96 552 919 707 251 446 947 332 985 167 480 530 66 584 485 3 649 217 749 166 304 952 504 338 758 953 175 875 191 335 85 267 489 188 244 861 846 903 580 446 281 877 973 535 604 224 852 487 127 954 170 830 956 372 918 192 328 
649 887 465 112 515 866 28 484 580 4 481 419 628 329 426 724 482 679 468 951 165 561 642 21 899 758 746 740 690 538 167 254 970 642 518 591 643 744 769 730 221 176 993 574 365 299 250 499 324 541 230 736 43 490 992 330 322 738 627 6 266 500 707 409 226 216 571 467 902 538 247 278 341 779 470 721 460 556 585 308 282 741 467 223 873 991 931 276 419 191 755 522 374 942 903 784 631 272 42 826 
666 309 29 131 694 800 431 548 272 175 781 273 230 641 815 999 819 491 499 85 968 23 875 574 53 490 296 630 541 175 54 809 832 843 274 113 697 906 917 577 771 902 620 327 625 462 94 611 673 409 565 849 393 472 194 828 506 908 530 21 778 535 529 613 907 156 398 326 310 795 544 642 657 65 466 723 214 956 851 977 126 818 150 238 558 462 691 800 576 287 290 513 519 517 932 899 187 504 778 912 
543 253 376 35 18 592 586 901 342 560 290 852 209 260 363 967 496 388 201 988 976 439 262 198 299 50 957 262 833 830 681 946 89 260 617 447 220 488 73 274 335 615 106 249 707 108 393 639 496 814 85 306 392 542 758 145 291 587 446 703 560 395 272 593 23 667 252 422 855 773 197 978 751 37 279 941 9 399 482 423 288 252 62 367 873 333 285 64 611 278 382 458 186 866 797 236 123 174 191 275 
573 983 241 224 26 776 151 644 164 308 948 308 886 798 407 752 274 244 627 699 299 376 133 707 393 370 71 345 962 859 75 308 19 616 570 189 216 894 209 814 766 16 69 865 475 576 83 416 796 227 67 869 309 86 585 664 694 789 991 380 890 519 495 329 303 897 488 687 83 838 943 556 598 568 342 417 10 886 687 1 98 830 764 836 370 761 178 772 601 220 516 929 36 983 244 961 145 399 157 762 
749 455 466 548 107 959 869 644 600 9 203 928 268 878 814 343 816 319 230 571 676 728 880 85 125 421 658 876 593 680 609 18 170 994 638 460 337 417 615 667 275 356 788 501 783 337 883 615 709 815 344 153 312 325 485 506 784 708 648 125 242 845 0 952 21 629 554 531 257 815 391 287 748 858 140 809 185 470 932 910 47 742 26 224 274 661 943 394 143 934 287 541 147 937 175 33 584 940 749 914 
105 552 294 568 495 592 333 464 484 113 118 575 696 532 365 320 208 83 323 984 266 327 457 186 507 581 123 18 330 848 740 117 827 110 517 158 632 991 915 802 679 697 65 886 867 760 660 873 622 836 183 39 114 322 946 939 229 319 26 305 616 278 935 442 379 884 500 372 144 892 663 636 218 266 18 261 919 278 36 362 902 281 443 409 329 281 735 258 379 383 982 104 256 977 852 15 191 452 137 828 
579 106 80 863 201 45 758 548 496 738 444 383 694 901 883 389 472 461 840 399 173 668 991 439 476 687 352 697 525 127 909 120 368 382 99 708 92 716 964 312 563 832 507 190 166 490 115 952 381 176 270 708 175 445 632 986 531 940 33 897 73 734 729 420 563 671 381 643 299 21 853 260 635 562 308 37 199 704 95 575 719 282 239 66 392 263 660 394 292 438 206 138 88 449 829 851 178 123 274 735 
694 871 725 157 737 122 270 419 155 373 183 612 591 938 55 123 595 342 477 800 358 947 755 209 549 797 503 317 268 805 458 262 549 588 608 514 156 516 173 83 271 164 139 283 137 211 408 602 971 206 233 264 375 305 388 640 84 414 237 485 216 689 381 42 151 160 286 520 870 35 318 745 471 77 381 13 632 869 250 300 142 787 454 431 770 214 319 522 604 611 164 985 304 997 334 351 986 507 501 777 
178 808 266 515 848 881 840 383 988 805 378 557 208 451 442 64 676 653 185 229 265 689 987 554 675 79 122 544 475 689 876 415 91 980 552 22 338 376 529 819 744 103 480 274 62 425 316 286 79 288 994 38 509 682 953 806 560 453 898 749 971 815 473 433 740 936 547 319 79 850 892 227 227 204 811 668 777 229 427 453 426 963 394 890 476 741 960 938 904 109 392 172 822 911 61 65 591 848 207 773 
371 540 941 757 504 445 794 332 388 235 27 325 838 547 575 965 715 410 550 296 188 910 551 64 658 340 3 916 546 477 207 50 221 826 416 125 217 845 131 570 966 145 87 209 655 652 697 807 392 170 809 742 408 929 171 395 111 598 951 361 820 959 857 607 71 592 70 482 339 79 863 105 433 752 705 999 507 503 346 293 943 364 437 237 817 414 903 792 185 118 45 427 763 881 618 44 548 998 469 250 
651 490 899 31 38 961 490 689 180 758 287 247 94 64 625 843 961 156 124 739 287 976 260 247 909 478 927 662 443 461 131 300 652 742 90 762 945 692 452 793 749 201 537 177 552 596 28 849 636 886 263 811 310 448 100 500 36 242 778 621 545 584 308 656 322 729 37 943 664 37 952 946 779 660 310 425 658 584 848 526 347 715 805 386 773 7 972 655 994 730 422 69 130 130 484 666 181 148 971 675 
901 392 648 409 342 466 587 231 119 144 925 618 261 934 677 772 74 674 19 968 352 829 253 651 62 913 947 903 979 45 306 5 651 948 94 294 830 605 475 253 895 584 203 29 40 167 311 399 672 281 528 825 622 442 320 500 936 478 840 286 788 225 874 363 243 198 79 291 126 291 388 874 957 40 676 205 670 512 959 774 0 693 146 883 32 104 469 943 337 587 799 426 82 346 354 337 798 378 839 271 
154 210 585 167 877 455 19 622 154 226 314 784 880 146 24 683 44 419 383 208 179 679 626 26 706 146 519 29 416 127 710 635 599 185 186 526 855 867 289 647 177 486 418 891 116 888 126 474 456 825 661 489 42 90 755 770 53 995 587 769 793 483 402 376 321 668 468 835 753 414 124 737 879 486 883 150 397 887 194 815 85 953 675 882 528 751 794 263 365 427 984 289 9 260 29 300 906 923 11 764 
929 94 311 244 324 449 181 501 518 676 400 524 957 359 891 720 762 229 966 710 881 741 184 440 711 69 336 149 372 469 108 532 946 310 839 68 227 42 44 789 31 451 525 330 715 579 111 773 818 531 108 773 493 45 556 244 175 465 97 667 130 849 215 413 305 262 489 627 935 433 792 130 219 220 191 625 943 515 265 959 675 534 494 458 485 826 946 734 988 474 706 468 821 502 628 558 211 277 304 885 
109 588 296 53 584 528 253 601 520 13 153 970 80 838 267 380 598 573 124 327 58 115 263 5 499 617 883 716 116 202 196 394 556 77 900 292 379 99 708 798 545 354 514 91 159 106 276 824 375 774 376 730 175 152 183 497 116 501 55 821 788 216 134 419 800 112 223 934 405 31 300 45 942 885 512 864 447 887 475 676 990 560 191 501 556 589 106 393 872 934 654 471 7 823 154 847 474 350 325 29 
912 981 471 213 830 777 813 839 807 95 875 919 319 999 334 190 301 697 166 535 105 534 767 823 563 224 185 624 165 640 664 171 42 946 875 939 866 657 654 824 791 25 271 170 59 742 396 10 474 112 591 952 182 189 166 714 544 610 383 658 766 0 424 649 468 202 868 897 116 311 414 514 701 322 233 138 534 572 315 840 217 651 163 883 238 913 827 297 6 962 388 972 56 838 734 504 471 308 798 353 
868 877 47 488 836 245 972 888 877 839 662 897 784 150 456 577 700 367 618 15 36 74 106 782 224 646 799 263 414 656 617 767 25 693 156 612 893 864 681 446 940 309 646 508 49 303 289 283 656 181 908 259 714 873 741 750 521 688 950 466 219 539 457 629 293 66 454 440 922 809 972 542 967 965 610 717 322 152 451 776 101 426 129 986 616 491 688 915 850 492 510 717 213 966 494 985 104 489 247 582 
86 847 852 435 236 389 670 828 156 483 482 244 119 587 613 896 924 200 847 687 206 972 524 977 124 448 370 319 101 870 180 464 523 573 157 620 55 642 94 59 153 125 665 281 347 796 984 281 826 797 115 96 569 397 824 135 282 475 433 874 360 703 595 691 151 827 780 547 169 31 0 477 296 380 103 433 881 726 547 455 689 204 511 727 206 979 189 937 851 55 824 989 230 333 866 269 26 566 834 962 
133 941 146 80 778 639 896 514 190 59 649 167 55 826 214 611 237 273 224 386 914 516 409 544 144 308 444 407 956 603 604 85 304 858 762 420 835 696 41 633 30 145 478 730 933 101 5 883 450 208 903 202 651 804 717 643 918 446 745 462 777 727 920 514 114 886 577 9 433 9 20 843 342 589 444 520 601 608 482 530 738 826 915 628 883 391 182 849 102 18 523 794 871 150 707 6 536 43 95 123 
417 521 534 210 386 264 647 36 975 727 144 102 839 716 663 866 686 318 916 725 167 764 301 312 473 343 954 301 27 742 570 861 706 552 363 303 711 350 37 317 258 148 654 107 721 488 579 282 301 804 946 302 74 945 580 102 193 981 604 239 524 753 610 324 111 328 526 868 507 800 946 910 629 856 574 41 677 107 930 887 384 830 247 308 782 493 599 258 746 62 717 272 39 420 560 356 212 809 424 708 
85 155 160 902 385 485 375 294 56 436 708 699 139 697 996 38 919 508 642 881 534 448 12 278 146 728 11 36 350 932 302 48 659 62 591 413 814 870 640 499 980 735 652 943 153 792 406 601 961 636 192 730 285 120 966 346 216 349 50 422 345 890 785 673 567 568 375 527 974 530 206 99 836 378 892 359 958 9 705 634 248 665 552 704 49 483 825 909 956 568 600 669 933 656 234 593 600 130 854 851 
15 669 322 290 241 498 939 580 10 15 538 178 215 187 257 714 212 662 385 977 244 12 542 398 33 270 368 699 491 643 76 499 664 207 229 388 687 935 599 659 694 17 517 121 622 859 410 247 115 743 676 382 709 133 567 100 86 569 125 104 631 717 814 916 709 889 121 979 234 931 111 208 655 149 816 452 917 310 24 279 605 725 543 859 913 526 821 580 614 5 972 574 141 487 576 707 320 897 866 312 
16 925 688 109 673 973 603 729 974 939 535 473 360 146 954 699 971 406 872 1 761 292 300 206 354 962 651 695 965 458 232 184 433 584 635 792 446 327 788 835 900 184 581 976 6 159 162 105 11 890 19 974 565 631 299 770 628 600 885 664 803 815 87 490 111 738 566 839 342 610 676 537 483 171 764 483 542 176 650 345 259 176 22 963 149 943 308 259 264 252 312 931 974 291 670 136 788 77 349 744 
597 440 860 157 435 161 559 676 576 603 712 345 291 862 242 391 905 870 647 719 127 727 690 799 830 641 631 970 468 771 39 399 633 329 893 339 576 132 57 71 823 650 841 106 728 531 251 121 412 77 182 239 51 213 0 251 974 80 819 667 459 256 747 830 59 511 622 304 713 349 713 762 699 650 181 705 563 365 765 977 339 775 21 491 619 430 89 998 326 83 291 519 80 482 496 545 712 708 704 59 
426 689 725 391 845 71 78 12 362 290 340 960 73 82 842 525 46 731 148 950 494 457 378 874 927 774 693 258 877 511 727 175 705 24 666 16 176 695 702 912 206 649 355 543 17 661 618 532 496 718 6 91 210 345 769 602 367 116 220 477 916 660 301 725 526 610 400 383 249 46 906 834 138 505 55 370 34 158 562 158 148 600 309 949 347 954 202 609 856 351 341 489 470 866 905 261 893 398 338 30 
384 57 813 917 445 243 66 365 183 783 789 467 915 240 222 893 707 255 493 188 609 650 726 235 9 872 588 283 524 90 611 460 556 890 227 147 995 978 891 664 661 722 131 523 904 113 873 880 974 91 922 921 983 620 501 737 681 24 591 886 445 86 597 742 417 100 562 832 507 878 844 201 552 14 273 512 890 212 485 610 950 626 911 50 109 381 370 187 366 812 996 477 207 441 987 246 610 159 578 715 
951 899 657 172 753 360 352 819 236 193 431 247 580 734 319 326 16 464 299 748 231 77 806 395 670 716 744 159 748 220 753 742 920 335 440 148 557 480 431 375 85 262 895 771 129 899 65 626 888 432 837 759 728 475 449 132 494 539 966 402 182 124 248 30 58 994 230 445 796 614 989 43 79 207 663 333 599 848 449 765 392 421 690 262 460 66 403 551 465 184 430 518 655 362 933 355 865 831 408 108 
974 494 246 366 183 785 916 236 696 447 550 443 554 486 504 570 952 182 651 790 924 949 410 950 630 748 495 893 869 393 940 845 947 584 916 41 62 555 41 291 69 318 611 789 684 397 575 611 817 193 560 216 321 704 44 677 897 254 979 247 87 603 158 324 358 42 89 172 770 865 326 806 490 910 862 484 169 641 8 670 77 541 847 519 438 93 128 212 944 943 286 631 551 397 183 97 170 629 542 153 
171 703 861 289 885 452 191 28 503 419 112 598 14 34 917 937 864 827 906 708 191 657 992 120 825 262 304 679 399 642 797 653 596 578 260 285 967 848 823 885 165 561 734 840 290 992 562 415 602 931 35 7 855 19 953 164 393 298 515 957 171 606 842 818 746 198 710 210 190 54 53 903 730 567 780 164 891 695 719 449 524 766 426 248 26 842 378 921 88 516 681 412 182 333 479 759 717 879 738 862 
329 880 548 17 992 759 863 277 454 757 55 526 835 689 484 385 597 710 252 236 673 137 184 279 435 866 302 605 539 123 938 531 142 920 981 49 826 686 444 431 363 491 122 411 907 549 432 231 589 0 225 146 80 912 93 518 566 558 697 120 219 395 765 600 828 0 100 953 697 804 186 295 241 506 104 976 183 565 912 709 915 325 537 320 639 406 42 26 424 952 46 910 174 37 38 819 504 576 540 150 
257 556 426 754 855 485 289 589 893 599 166 231 438 825 154 905 959 602 865 390 492 63 0 110 485 555 615 663 497 692 833 986 97 453 736 216 651 754 558 497 709 11 873 26 453 645 258 584 797 781 617 131 354 531 205 211 128 746 98 98 911 977 654 597 949 135 532 197 607 829 466 488 38 297 128 420 381 530 679 359 867 152 169 904 23 691 702 263 917 887 693 633 26 569 276 137 326 832 276 801 
75 751 935 908 956 550 793 171 97 492 442 87 701 676 956 862 792 832 791 428 440 315 748 201 992 952 754 421 970 116 583 440 47 624 398 652 977 273 438 183 597 3 748 722 876 44 232 795 47 759 160 526 32 902 290 782 36 536 646 918 366 952 878 908 979 538 816 198 39 712 837 267 789 745 470 105 616 729 709 453 249 673 542 777 284 333 287 155 111 9 987 904 554 559 525 677 28 673 518 388 
474 688 359 115 8 34 47 258 716 435 884 307 260 63 787 170 748 859 730 427 311 478 649 532 472 694 796 631 420 497 949 615 838 972 271 220 296 648 854 787 248 86 199 23 630 996 3 619 957 579 236 538 818 222 646 197 990 381 584 475 220 553 826 850 770 482 970 965 773 234 978 697 849 813 545 436 180 691 61 155 105 51 236 666 269 221 857 281 974 242 696 662 731 249 616 783 448 699 439 386 
439 231 585 421 511 410 524 958 50 993 394 855 526 570 554 756 459 144 244 124 575 67 187 547 566 169 513 326 751 763 138 647 556 195 807 910 418 822 415 886 812 146 869 126 331 123 111 428 139 420 945 495 511 691 546 753 242 327 632 839 676 868 878 884 651 143 853 826 647 549 355 864 347 334 998 565 255 788 11 883 850 226 933 665 442 807 117 382 660 517 281 349 645 436 995 996 642 809 458 556 
446 404 176 546 612 202 146 407 537 944 805 436 541 125 943 860 526 771 424 999 323 546 1 929 546 173 205 987 673 491 146 519 306 246 302 69 4 121 193 578 130 328 920 931 78 77 873 138 840 118 488 322 886 637 207 814 69 978 57 972 447 303 474 495 16 765 75 666 593 393 599 728 589 496 513 367 144 626 426 734 619 492 168 76 834 273 504 832 771 829 705 899 360 594 653 728 551 89 373 150 
981 192 574 53 29 959 281 878 715 309 252 58 535 549 304 324 290 759 609 97 172 352 369 474 523 200 81 446 943 705 959 269 202 782 298 364 21 838 43 527 339 103 231 264 690 24 923 783 450 215 875 490 518 195 748 699 727 264 828 274 342 358 919 1 265 840 845 962 566 824 348 173 442 240 938 669 971 459 961 835 271 85 223 665 327 225 777 397 817 202 403 86 99 670 415 518 425 487 471 161 
474 288 239 583 30 562 347 964 195 661 968 541 289 729 372 80 610 477 489 207 504 681 230 25 691 23 774 214 223 970 924 986 496 182 748 566 806 82 194 345 596 723 850 603 679 162 525 62 393 271 258 489 726 383 478 945 280 490 410 42 122 655 880 974 839 270 863 865 32 541 5 28 92 718 717 944 55 978 886 45 283 584 730 337 888 486 538 973 220 753 294 709 50 425 514 36 291 580 526 755 
539 41 914 47 37 949 902 18 418 371 445 521 80 460 769 8 371 204 92 419 399 507 275 4 807 608 60 326 48 725 145 548 291 53 368 404 41 67 106 245 439 108 599 615 353 440 259 245 74 463 603 927 879 407 885 869 29 852 507 614 958 831 306 235 570 507 130 555 750 108 322 99 231 788 879 548 991 784 132 451 261 477 339 458 600 457 666 792 41 867 737 772 959 337 203 233 81 982 781 481 
511 866 112 173 780 898 10 478 421 309 104 874 2 147 23 392 378 483 897 530 158 684 342 719 922 535 729 66 314 809 718 964 440 669 371 802 144 491 574 269 978 85 331 539 915 137 999 91 931 197 249 75 640 713 110 226 416 851 438 356 828 579 807 527 887 497 144 193 10 79 833 553 72 116 354 777 397 526 775 235 654 944 364 232 339 542 632 863 194 343 561 359 358 444 876 145 439 571 75 753 
926 471 561 298 894 970 727 966 634 972 412 825 668 54 470 887 986 190 826 213 476 485 193 894 200 622 942 847 333 973 810 357 151 568 964 846 532 20 644 49 343 386 707 400 760 218 396 710 370 489 85 761 12 485 706 150 183 744 111 620 886 783 800 481 329 473 38 782 206 229 432 99 684 263 419 274 115 214 965 318 193 35 659 13 382 238 409 109 719 535 146 489 803 407 141 162 697 993 762 394 
205 741 147 753 927 87 100 471 197 858 748 543 418 818 922 48 266 940 855 389 414 813 383 607 602 362 735 124 546 32 969 948 331 291 589 879 629 587 751 569 904 634 746 970 590 60 564 853 291 914 771 545 782 949 650 211 991 419 593 480 453 683 481 431 845 89 86 546 866 26 854 297 709 213 41 405 941 273 973 342 702 553 361 987 800 74 787 583 286 651 896 493 1 461 363 675 112 457 486 35 
348 575 683 198 903 6 909 689 392 606 57 861 57 444 43 487 326 317 961 327 19 569 673 563 232 390 93 964 935 61 731 839 886 853 229 29 254 395 289 529 661 786 421 524 186 408 243 942 299 726 771 899 364 237 604 300 723 861 471 189 155 284 437 415 606 973 397 249 983 439 917 574 974 831 944 290 994 943 240 529 894 16 81 181 883 412 876 497 853 248 708 645 27 638 366 75 214 741 579 988 
644 259 245 68 75 838 394 298 991 303 998 294 955 168 327 719 316 619 710 56 579 288 905 169 575 573 411 63 28 751 396 384 552 682 528 513 547 655 583 526 717 641 288 37 214 946 783 146 716 345 850 595 223 403 529 228 835 378 860 120 82 132 716 387 351 434 51 639 726 237 520 794 375 206 198 964 377 185 951 873 502 2 278 880 365 76 830 966 135 954 121 704 100 468 787 854 569 258 758 603 
479 334 39 356 781 529 427 456 669 337 713 147 899 882 205 917 678 558 649 299 23 92 644 832 330 234 54 507 539 273 638 777 378 862 158 634 614 131 953 174 844 849 222 689 175 714 17 163 372 563 730 184 388 720 911 849 246 158 181 721 637 499 922 834 874 835 690 655 95 149 114 16 601 716 26 883 768 217 469 452 216 460 120 390 341 290 574 200 40 949 576 403 657 72 516 469 520 102 800 649 
349 616 877 581 271 59 496 562 973 146 490 704 981 283 255 228 49 526 20 695 564 963 866 633 410 66 132 690 10 244 587 990 701 41 43 578 291 769 53 558 994 88 216 277 782 67 738 883 478 176 796 949 982 709 429 638 351 794 960 480 139 658 641 627 169 258 811 315 638 553 426 85 30 127 414 657 209 351 514 509 516 519 812 704 691 523 162 69 324 73 859 475 520 238 505 504 958 111 609 689 
782 237 401 524 747 581 803 81 414 116 112 406 619 39 157 375 281 688 386 589 947 378 328 746 307 828 255 865 474 10 453 692 752 452 598 559 949 275 116 68 316 561 841 606 895 966 516 948 753 506 536 145 691 444 672 363 697 96 836 463 563 885 769 202 329 209 164 513 31 153 343 364 319 59 466 993 861 908 404 952 584 455 719 699 203 256 866 927 867 827 778 71 64 413 658 205 305 551 5 259 
415 819 146 409 324 25 286 53 973 697 72 240 656 916 888 616 506 206 21 445 217 175 109 730 423 769 195 486 973 810 51 328 435 946 601 531 683 464 388 656 385 355 381 319 69 71 427 526 899 497 333 667 617 975 165 198 71 451 939 661 713 983 212 566 482 156 585 707 105 909 393 917 932 924 572 488 110 675 610 529 158 956 325 949 21 912 776 301 40 299 599 482 68 119 452 121 42 708 569 510 
313 321 176 899 807 287 703 91 561 434 987 438 502 951 868 632 963 545 496 886 568 709 912 906 403 927 28 870 584 774 529 57 338 259 687 297 276 683 531 928 143 609 76 184 208 338 397 438 773 626 320 400 695 204 393 120 858 246 906 500 638 731 59 212 762 952 496 613 100 380 516 405 911 794 348 249 586 155 895 464 399 923 475 878 258 339 320 342 410 842 258 254 361 393 366 465 258 738 447 846 
403 481 788 185 400 570 706 831 234 86 247 147 920 153 613 984 827 570 41 413 655 51 278 879 72 637 144 25 391 98 440 840 895 692 757 366 452 320 317 642 995 218 131 527 541 607 565 258 92 557 928 958 224 859 860 495 852 595 533 489 630 56 819 699 840 917 730 404 944 875 573 64 30 905 407 871 383 4 876 387 149 238 736 961 624 920 909 331 42 583 531 982 922 590 783 954 680 532 219 328 
598 337 987 682 879 119 956 683 575 165 661 542 550 499 607 688 876 922 445 84 985 600 431 909 818 525 368 525 87 566 19 358 604 885 36 415 827 259 103 518 496 462 285 315 878 807 827 270 769 638 323 554 37 292 786 825 940 977 19 254 489 272 276 159 540 281 665 636 351 177 609 243 130 864 494 416 131 355 526 653 468 644 526 787 152 697 960 148 276 427 619 872 780 483 957 696 526 940 570 364 
887 204 411 664 960 19 544 76 779 753 935 47 387 833 194 49 362 109 430 117 851 580 561 565 850 53 322 627 350 304 366 637 983 650 181 954 755 464 300 32 173 274 949 218 763 125 832 564 367 451 241 957 711 259 990 858 921 405 43 34 429 195 695 208 417 695 822 325 832 146 414 32 257 11 393 743 147 298 369 854 219 146 421 91 205 300 424 893 475 15 830 459 991 468 679 404 740 786 785 145 
819 358 961 292 372 818 388 480 157 445 920 672 197 757 141 610 38 896 733 370 201 518 35 747 625 120 802 571 366 516 182 169 766 414 894 652 722 632 291 344 325 188 983 348 159 90 942 520 507 340 64 381 270 325 474 761 690 693 985 51 764 285 965 103 66 12 357 834 967 50 375 632 485 854 825 166 148 411 789 105 209 990 453 674 967 613 680 642 377 701 440 821 966 312 82 365 90 302 672 779 
649 517 476 321 570 166 574 935 229 626 965 641 531 791 489 738 302 548 993 106 600 673 160 258 10 120 349 548 41 48 928 534 450 40 819 6 633 561 40 926 445 793 605 972 432 389 390 876 709 571 553 572 24 951 18 208 126 365 480 241 118 172 908 210 331 848 830 438 131 41 129 573 924 450 170 746 219 240 84 172 666 253 423 606 321 509 6 776 775 200 587 378 989 286 32 583 758 187 357 1 
559 97 782 556 309 5 697 260 503 456 562 180 693 307 718 836 743 683 939 507 894 426 769 489 591 247 315 328 744 369 456 621 72 693 310 97 531 130 74 742 652 616 905 898 318 658 723 681 353 79 222 687 426 208 81 372 193 836 725 398 91 42 206 414 624 382 495 129 709 747 478 647 906 928 635 839 132 387 907 138 583 791 615 246 448 712 159 488 441 652 296 810 542 594 861 662 262 397 26 570 
776 390 460 388 483 590 462 70 225 694 721 503 121 741 780 925 141 514 137 683 91 815 180 529 350 306 61 648 424 872 408 177 80 417 623 940 808 32 950 252 718 963 716 867 967 650 681 487 792 644 976 88 248 399 856 362 863 757 196 441 909 680 652 68 742 997 799 247 163 409 437 8 762 205 410 426 343 885 831 673 355 359 828 955 243 767 747 610 451 8 578 931 965 702 871 164 771 170 686 701 
966 812 256 87 463 470 529 85 348 245 843 168 562 994 289 208 68 159 937 592 650 836 694 986 996 781 571 465 800 872 583 716 287 74 419 724 571 737 461 391 696 431 369 273 769 728 199 606 884 794 294 195 212 691 635 237 644 574 610 531 512 752 307 348 218 835 687 849 116 325 231 823 942 471 664 860 964 695 412 16 694 480 273 40 686 188 330 120 843 431 513 322 1 546 899 731 11 508 307 436 
858 258 803 748 787 821 136 864 393 352 815 553 999 783 824 290 302 730 333 203 982 520 207 85 240 959 964 823 845 6 490 905 731 658 728 387 445 888 183 871 12 818 969 499 856 720 437 538 458 645 597 580 495 339 639 37 837 81 149 284 266 97 117 69 977 576 940 228 577 408 946 173 633 154 221 607 253 846 146 864 823 847 152 134 225 885 675 162 850 825 710 932 471 923 898 174 949 731 606 576 
89 82 5 289 172 149 252 835 607 616 12 656 188 140 356 100 49 780 205 135 306 558 224 734 425 221 505 711 667 466 569 678 354 789 31 627 836 63 181 181 761 757 30 991 476 735 493 263 825 27 220 316 719 345 644 471 684 946 495 898 503 488 847 349 48 731 2 202 4 740 316 442 166 997 836 359 495 68 609 269 572 110 788 37 345 46 398 873 464 122 395 15 956 444 250 371 404 604 152 595 
805 966 84 894 399 806 42 785 965 370 326 308 496 160 152 684 497 220 727 359 701 872 134 19 248 17 651 228 160 487 240 623 434 766 45 684 304 976 447 846 990 553 559 253 599 807 340 880 926 69 677 41 678 673 446 445 537 393 732 801 601 726 462 238 639 163 978 893 919 24 166 716 927 446 905 868 279 808 846 789 108 720 883 250 251 121 918 592 279 41 478 76 850 897 279 872 529 661 896 845 
929 434 67 936 362 904 860 35 747 860 875 421 488 709 502 840 609 166 54 787 227 226 184 153 817 612 726 381 794 640 114 965 776 438 693 399 342 55 896 639 821 732 201 442 307 20 496 212 530 35 523 31 224 849 764 938 534 313 661 815 170 912 70 136 525 495 177 910 782 708 27 4 828 443 370 579 84 562 229 50 347 531 716 296 521 474 456 736 297 102 821 348 37 67 84 340 994 563 651 98 
572 523 209 774 93 964 556 970 629 740 411 640 771 272 571 237 753 418 14 992 120 930 910 635 885 633 726 680 666 386 404 878 768 342 710 48 237 1 775 73 208 444 784 185 17 42 335 540 914 876 225 206 533 826 730 444 380 618 156 575 682 142 7 447 505 708 849 48 246 62 938 189 930 85 852 57 751 110 60 262 14 332 972 857 638 736 223 496 955 452 31 950 83 723 906 287 256 340 96 474 
716 428 705 226 483 993 677 687 410 470 60 123 272 141 500 160 381 383 300 315 376 829 9 25 679 183 558 152 552 949 65 817 586 686 310 395 44 794 696 388 660 508 155 241 328 396 691 15 610 926 950 232 29 887 309 872 327 466 136 617 719 597 627 327 721 319 950 780 696 700 622 630 152 838 286 426 410 643 416 877 511 105 812 118 458 5 152 742 768 819 472 985 903 527 92 533 860 261 499 568 
210 436 839 232 529 431 425 938 104 545 151 579 771 694 148 436 490 908 176 451 985 295 800 650 730 687 861 114 156 215 603 17 691 676 40 60 499 774 17 42 89 672 130 412 60 211 554 443 459 548 782 141 842 71 136 778 200 727 616 370 243 143 885 575 353 358 402 253 408 129 539 524 897 117 534 763 394 251 576 591 458 116 909 521 417 561 685 829 216 206 813 988 849 662 940 834 386 187 406 544 
922 490 577 918 345 301 117 609 898 818 874 283 657 736 586 929 87 853 672 844 614 838 2 217 901 247 841 673 732 917 469 914 195 610 346 390 78 664 417 913 613 54 6 354 360 860 710 480 899 884 389 57 28 345 817 636 559 32 323 482 320 845 837 568 941 599 146 669 284 458 735 518 864 240 437 506 407 576 4 211 581 943 490 444 432 608 458 528 0 859 154 170 968 527 364 212 315 735 305 30 
701 93 338 866 931 153 30 384 594 493 453 259 15 934 946 16 839 34 796 352 96 517 889 478 48 672 258 273 442 504 741 804 347 83 999 852 423 295 816 875 129 233 868 317 383 443 432 334 202 27 736 787 604 826 593 268 554 0 875 328 473 645 5 961 91 635 925 592 52 912 738 125 83 405 368 631 396 193 640 928 74 785 188 853 672 733 446 422 691 690 824 525 641 667 728 683 5 181 708 960 
4 922 768 505 953 513 276 912 547 893 735 26 3 763 389 404 507 168 137 935 228 481 763 459 461 291 656 558 503 815 144 84 826 886 638 811 354 330 122 263 541 753 513 608 866 352 756 439 190 102 774 715 954 886 209 687 373 920 28 160 745 271 787 247 997 817 183 668 385 421 725 626 890 559 452 181 453 493 532 152 427 635 934 933 300 113 683 335 517 405 999 74 223 559 478 773 462 328 311 884 
260 508 263 709 911 154 363 770 908 211 316 664 380 256 564 305 715 703 386 932 704 201 641 641 726 699 195 801 403 610 833 708 548 747 340 681 351 778 335 653 194 466 729 694 360 417 756 284 301 426 586 259 906 144 769 566 31 882 205 387 910 963 320 113 284 86 151 232 138 138 723 654 856 251 845 294 67 424 652 305 394 300 560 759 773 403 552 973 885 811 290 798 124 641 5 414 75 524 487 710 
618 197 66 162 763 113 584 205 614 894 663 290 840 78 444 205 258 36 711 68 981 545 711 80 151 435 977 829 891 923 673 35 202 516 321 347 286 243 622 110 409 269 900 951 113 98 413 351 828 779 148 815 60 756 641 173 181 615 873 809 366 667 117 575 900 354 3 183 539 932 945 466 744 991 877 992 118 474 839 655 823 858 240 606 822 8 53 615 471 839 142 931 149 336 818 977 35 68 417 635 
489 543 171 692 805 203 231 42 143 950 896 30 137 24 625 210 907 834 405 158 438 994 513 313 19 210 741 357 911 187 288 367 794 889 335 821 433 677 195 623 468 431 988 104 581 870 389 346 273 270 241 634 171 898 590 698 800 19 582 401 786 601 839 777 779 934 421 178 478 811 946 78 923 775 428 948 295 8 21 849 259 939 22 2 452 394 747 949 799 717 811 623 624 114 186 476 390 48 176 517 
254 369 85 770 682 281 555 884 555 571 403 656 365 744 751 227 976 623 120 265 428 523 892 554 672 971 104 688 565 797 592 932 729 762 868 893 124 105 384 867 664 445 117 558 973 125 134 367 866 498 255 1 89 361 593 576 531 965 207 910 278 248 171 492 633 119 474 152 197 27 325 261 802 771 274 479 824 456 406 338 401 876 11 803 687 0 923 478 485 845 33 59 140 298 599 938 834 378 801 778 
382 618 974 868 441 870 570 948 373 145 516 619 456 91 497 642 176 773 648 479 297 159 806 217 225 973 957 212 553 340 216 517 537 994 742 579 671 597 739 509 355 36 914 818 854 269 98 179 272 554 934 364 539 101 997 810 4 653 757 281 419 496 962 137 747 363 964 837 688 608 709 141 90 353 115 819 169 492 295 993 229 715 747 995 592 24 778 718 825 739 49 581 520 524 646 295 832 323 280 410 
969 533 699 360 312 496 879 420 241 34 101 133 727 955 976 27 72 843 457 523 235 449 946 407 106 632 170 909 958 66 279 18 959 669 35 758 295 289 234 179 602 202 738 573 964 629 53 863 173 929 162 358 613 332 205 146 912 860 987 317 272 754 838 384 279 601 991 127 771 897 970 757 107 603 141 807 495 244 241 578 930 994 378 805 550 158 496 683 451 47 285 387 649 479 976 687 85 445 34 639 
517 245 157 242 696 773 811 79 310 281 489 580 971 451 244 841 796 114 746 681 349 736 758 636 966 511 280 462 348 118 325 890 738 123 757 120 977 466 679 479 525 42 564 107 983 964 629 268 331 395 5 27 705 254 783 902 738 926 912 184 206 242 86 418 462 472 80 253 597 607 111 509 986 860 569 75 297 361 956 892 648 438 640 977 380 330 250 619 309 556 779 885 204 166 767 309 591 696 859 235 
694 305 386 584 751 880 973 233 259 547 788 235 971 933 347 788 467 926 26 238 811 936 894 32 493 923 96 632 689 547 843 918 921 821 357 213 293 355 699 380 421 262 606 16 847 265 782 715 46 813 457 706 409 630 296 859 951 514 501 86 323 470 639 447 682 986 825 71 57 58 850 121 37 83 287 966 79 943 867 863 966 408 345 670 136 942 312 194 556 134 598 759 901 16 644 831 28 361 212 675 
716 434 993 915 224 892 718 250 556 178 564 240 623 401 467 354 295 372 583 591 939 720 751 906 579 404 220 367 941 524 459 15 476 711 762 497 393 249 503 71 893 378 197 524 608 819 865 871 776 332 156 365 586 365 680 233 547 765 856 298 8 251 953 690 999 995 30 229 113 892 849 800 682 468 320 494 650 916 969 589 799 914 67 793 778 924 95 581 630 307 998 139 402 757 737 845 773 54 938 183 
689 848 634 105 285 766 37 338 828 877 235 598 89 561 412 176 103 95 699 335 102 508 71 9 656 557 701 920 109 527 853 264 388 299 434 960 47 971 889 166 146 31 131 42 872 676 195 586 663 402 791 565 471 640 123 707 486 260 502 351 240 243 750 236 137 695 979 812 326 727 675 207 58 172 962 120 577 307 42 547 877 89 746 43 711 612 703 280 211 236 760 690 618 202 326 272 882 311 976 41 
297 929 455 376 160 624 377 360 538 185 409 250 258 114 644 432 43 558 84 248 675 736 466 473 692 85 211 129 668 324 148 142 549 754 65 464 553 405 828 649 162 370 702 353 76 516 264 477 52 274 161 944 22 468 242 703 646 63 889 514 861 313 511 257 111 442 385 451 948 664 172 851 86 607 744 771 600 460 571 241 311 538 987 654 973 719 728 307 566 576 800 6 530 569 147 423 473 799 592 941 
511 397 704 364 19 132 52 667 164 726 302 345 392 730 299 281 519 733 129 935 803 695 905 724 583 595 223 402 545 894 728 0 342 378 966 771 767 746 422 537 127 110 573 797 870 209 510 34 497 72 683 218 797 383 625 282 989 327 689 188 293 43 48 937 13 36 706 916 261 779 875 624 775 95 305 59 973 90 251 489 215 294 546 882 796 961 57 955 732 387 772 40 983 152 870 503 615 365 459 908 
664 473 761 680 782 894 891 740 830 392 548 800 884 981 485 675 178 905 858 436 307 737 643 657 588 22 144 206 741 841 35 814 272 0 796 502 903 704 411 917 305 207 641 489 293 902 449 482 537 180 900 316 510 77 209 908 654 757 589 100 669 303 888 219 767 806 322 995 610 130 271 204 790 939 926 281 667 294 266 369 533 811 336 817 360 444 855 918 963 989 901 948 340 755 713 532 978 354 188 568 
619 789 507 727 781 686 244 209 347 417 554 362 283 185 353 547 692 477 960 254 491 197 640 666 792 125 628 413 241 103 317 743 674 647 733 753 98 696 465 451 313 712 837 504 229 588 783 766 381 353 812 37 951 929 951 299 688 309 216 701 848 69 416 288 698 535 343 409 846 925 576 387 565 714 939 314 302 439 289 674 925 414 845 563 378 382 518 131 742 962 286 146 492 289 762 454 616 700 899 22 
38 734 970 753 915 723 284 786 124 991 943 98 829 105 115 793 302 194 711 601 521 398 201 458 914 481 505 237 827 75 311 758 503 610 785 28 990 943 211 382 629 216 998 13 193 74 747 873 575 355 730 685 872 62 289 710 34 139 344 465 323 331 12 251 740 3 446 889 644 445 635 649 827 172 138 523 980 43 215 625 551 440 376 999 119 468 292 393 89 902 279 606 103 329 492 840 397 975 47 303 
803 245 237 95 877 532 174 79 828 104 338 269 918 424 104 87 705 444 93 261 673 139 537 327 507 205 577 432 336 979 60 910 323 826 552 432 502 543 961 425 567 206 681 943 156 813 103 591 805 328 776 27 720 820 113 742 328 573 816 559 756 883 317 137 56 392 523 398 248 870 508 734 323 853 426 216 757 661 993 79 483 533 342 65 375 793 676 976 525 838 588 379 252 508 32 168 669 116 203 622 
497 887 871 83 580 994 638 194 506 829 64 933 653 11 62 445 676 167 113 206 307 621 881 27 718 526 917 312 858 424 795 843 884 753 1 337 78 531 993 712 786 923 428 332 453 894 347 465 844 630 178 706 535 604 927 542 537 957 95 602 805 171 273 100 675 552 280 841 717 460 988 596 591 579 471 469 700 490 361 862 275 313 672 523 962 708 284 477 941 979 957 434 207 390 833 931 710 221 865 474 
47 560 59 158 925 587 301 173 663 869 775 271 630 99 616 711 597 839 205 106 624 377 579 856 216 549 761 993 729 772 915 635 394 345 522 924 303 666 637 571 482 384 960 921 820 427 116 282 314 309 764 878 365 648 33 448 558 390 124 459 775 474 859 797 397 899 851 29 317 223 442 445 209 85 732 386 737 771 7 178 930 562 337 737 786 849 400 244 583 340 563 153 74 320 993 986 89 610 980 867 
86 279 103 157 64 872 25 969 772 213 843 693 500 998 936 282 126 958 732 499 535 783 503 645 889 54 532 678 757 551 481 965 823 665 925 335 80 791 992 639 285 697 179 418 593 649 296 41 593 60 755 159 682 25 464 12 215 456 415 668 191 283 593 871 749 105 34 680 113 792 234 94 696 651 324 207 995 707 999 373 119 155 265 534 986 138 40 785 838 867 896 907 212 237 765 998 491 920 57 986 
381 482 329 843 904 197 872 698 583 625 651 81 613 364 829 678 88 808 868 396 174 492 93 467 664 195 749 241 847 366 478 169 107 688 76 283 679 163 318 945 855 81 268 144 440 24 166 174 218 808 435 177 794 836 290 227 198 700 43 444 858 426 237 632 102 787 896 218 616 9 950 155 631 595 308 451 893 64 522 260 804 396 923 945 226 883 604 801 826 980 423 746 534 694 946 955 703 494 356 697 
155 574 723 564 574 626 384 713 441 935 220 195 750 27 660 666 664 714 614 567 244 407 265 134 236 14 271 62 853 798 869 398 984 271 60 123 27 87 353 208 177 985 158 992 635 91 818 724 265 187 208 147 145 474 508 525 729 429 391 388 755 656 507 389 508 649 340 667 432 81 575 68 370 127 885 558 803 821 595 323 656 858 310 454 700 947 88 325 555 5 599 947 626 335 710 457 237 877 238 680 
85 245 321 473 596 576 392 869 506 287 950 37 61 660 14 856 235 340 399 925 14 720 790 955 903 875 558 110 250 481 483 299 416 560 990 460 399 225 629 744 338 25 486 512 452 33 573 544 524 360 703 532 378 546 783 997 519 383 655 336 414 815 672 809 593 658 813 785 876 864 580 919 575 583 3 239 91 653 812 605 293 544 28 786 411 305 60 1 183 349 401 172 750 736 356 171 476 863 281 909 
939 671 508 603 329 513 635 948 927 753 530 928 503 505 151 739 858 345 842 389 180 250 435 860 670 898 878 390 283 658 922 678 986 501 879 654 607 710 17 893 943 697 967 489 928 663 809 820 308 73 693 371 495 69 321 729 52 71 29 792 83 178 435 484 372 990 971 248 898 561 346 669 352 784 318 882 491 444 363 653 483 649 60 404 705 763 177 232 386 109 792 568 919 580 807 275 116 408 621 566 
9 775 192 967 54 798 941 511 546 271 915 607 198 728 735 152 106 481 467 749 916 958 116 439 964 3 589 684 654 38 617 638 640 802 73 223 319 794 994 688 950 44 172 528 390 573 146 387 295 580 740 327 536 683 638 481 66 526 23 472 324 106 334 919 109 165 82 272 525 57 425 825 440 35 644 715 154 434 341 654 845 125 589 914 310 267 609 139 936 264 75 429 315 39 234 932 233 165 125 895 
797 446 23 618 238 2 952 914 638 712 569 149 264 137 480 345 654 416 804 418 205 307 923 658 421 268 609 980 963 483 679 713 661 439 668 283 391 16 975 36 430 763 852 601 212 972 122 972 821 211 27 38 551 36 608 797 94 909 344 789 523 224 669 839 784 436 89 478 32 320 794 915 638 83 747 245 596 56 611 716 735 668 329 712 677 945 666 87 159 253 351 942 835 12 38 558 934 471 270 227 
82 172 121 984 164 124 637 499 25 906 745 214 503 120 409 888 682 99 28 547 942 194 41 207 393 906 302 299 125 543 153 800 615 825 305 256 210 475 273 474 197 738 356 117 740 637 99 557 225 415 539 903 292 537 107 449 714 228 392 752 415 664 496 231 105 723 989 447 996 678 371 414 907 986 232 175 447 325 373 603 36 429 518 579 65 174 981 738 328 667 254 196 498 459 682 454 813 369 702 640 
993 208 505 212 271 664 74 602 106 131 249 300 837 930 741 598 25 580 102 376 168 223 226 891 360 856 987 865 822 223 808 206 64 328 69 607 939 681 834 205 101 384 462 824 977 753 957 624 408 149 744 571 409 5 57 629 175 681 395 343 545 179 237 277 109 220 154 54 522 160 816 566 470 784 960 306 438 271 305 630 389 372 251 223 778 776 488 59 628 813 205 812 516 523 560 855 571 159 387 659 
933 487 977 58 346 244 925 503 278 245 380 683 989 440 811 176 41 907 416 750 706 762 654 782 961 703 128 199 779 707 827 531 198 850 902 812 519 839 478 366 484 28 974 159 796 963 987 881 14 525 775 817 156 179 172 381 757 880 135 270 194 641 92 679 813 808 904 423 889 877 492 941 760 543 408 438 354 875 779 345 450 569 85 837 994 759 655 32 388 106 200 111 825 612 761 541 478 621 424 504 
174 298 267 451 203 206 771 119 490 319 489 289 881 434 943 720 496 503 736 877 393 584 738 198 192 496 928 389 501 810 337 851 225 63 995 998 237 326 323 64 434 503 349 526 526 355 33 491 510 877 203 893 276 397 85 549 719 537 269 489 217 603 328 29 110 215 463 845 121 286 575 468 9 729 210 980 551 130 878 724 526 475 682 8 378 561 780 679 134 86 904 544 804 663 630 82 924 83 750 70 
28 224 487 119 387 213 869 69 518 871 451 31 296 25 260 629 48 539 889 889 4 635 309 356 394 407 687 444 105 403 520 92 588 133 961 437 208 261 688 820 432 966 300 17 229 521 226 94 595 296 508 244 202 660 915 832 275 698 392 764 852 592 437 468 39 206 537 33 111 998 457 768 749 467 292 397 148 18 256 208 496 565 866 66 454 385 918 484 544 99 734 99 699 524 438 618 725 876 723 372 
