20 143 233 359 389 922 708 661 192 226 305 37 572 235 595 680 123 559 43 404 322 39 299 205 344 524 910 638 502 213 683 669 227 434 186 386 841 16 293 973 615 715 518 691 653 369 364 82 729 417 366 28 887 502 97 795 883 446 974 585 774 7 753 713 972 262 148 513 299 228 880 2 654 124 172 656 620 522 38 52 862 615 733 24 647 545 599 507 916 82 20 268 795 184 319 396 475 115 416 666 
418 219 845 166 26 130 242 502 406 314 579 597 202 10 562 100 295 872 609 620 207 712 583 938 566 8 203 178 892 659 16 553 512 617 928 985 705 476 166 774 675 813 452 733 615 887 744 754 633 821 534 698 128 421 644 452 104 737 883 555 126 195 225 704 888 680 928 635 949 719 401 607 287 757 267 367 806 29 741 362 401 486 396 1 515 349 615 195 126 473 954 389 523 894 683 154 764 321 30 329 
735 684 522 432 803 63 270 711 165 189 306 555 728 132 284 107 970 781 156 250 922 899 276 5 738 604 875 812 841 768 481 329 679 262 9 592 614 764 800 278 158 581 983 29 231 403 890 121 767 985 263 709 598 289 551 613 87 362 825 989 948 973 156 565 240 115 298 253 947 601 661 446 909 307 937 969 470 74 424 224 550 145 501 870 286 179 588 439 236 417 189 519 767 369 639 84 173 413 354 700 
813 187 124 317 440 502 986 873 187 375 612 435 614 154 248 152 198 474 248 650 174 368 871 68 670 985 854 125 365 869 441 767 709 591 75 729 630 399 481 815 243 919 546 973 847 202 216 890 584 574 316 762 878 428 679 408 478 819 772 626 567 45 853 919 654 565 581 36 527 691 844 118 759 350 848 288 436 881 508 481 441 522 348 796 953 0 437 612 240 670 108 509 964 956 880 676 819 854 231 405 
52 528 428 326 316 670 239 986 137 458 379 989 327 383 493 593 11 156 890 1 128 567 189 180 153 646 900 271 115 823 66 175 82 66 703 521 692 421 102 22 805 184 623 564 393 465 797 632 534 64 463 374 570 127 316 247 588 860 24 890 827 771 679 298 449 604 667 671 840 841 790 172 547 733 333 102 7 744 342 777 964 63 55 434 941 991 497 17 516 312 170 319 594 181 324 28 258 785 506 528 
912 839 175 446 667 622 717 544 931 360 921 580 742 916 21 511 496 366 564 816 497 329 162 790 957 480 969 770 450 416 180 871 863 271 458 293 76 638 774 902 859 167 897 306 642 330 190 434 388 761 411 427 394 521 427 143 740 271 394 172 655 511 524 480 217 115 756 40 367 864 465 456 214 668 451 201 573 133 742 602 934 102 640 102 537 833 411 30 397 79 867 986 341 418 414 984 626 75 464 886 
470 125 736 858 919 260 701 772 56 703 95 815 973 559 75 166 602 731 672 564 764 546 551 268 707 416 120 93 751 873 82 787 340 492 42 607 167 854 290 365 781 520 106 251 1 940 191 552 27 929 868 414 628 796 604 914 505 58 468 464 235 310 189 133 533 639 435 99 94 662 991 539 505 887 695 863 159 646 883 600 695 270 358 507 891 425 955 625 28 335 311 954 17 205 662 861 578 215 161 446 
966 874 348 500 354 926 178 584 261 675 215 584 423 360 30 743 252 584 83 438 640 660 955 747 861 54 759 650 667 652 507 38 972 505 795 487 65 727 445 238 402 498 80 70 647 568 516 149 518 263 908 237 965 621 237 338 257 848 679 246 636 670 601 901 741 758 975 596 84 649 68 124 649 548 682 228 518 734 251 27 274 521 332 325 220 732 153 150 718 472 821 866 265 720 740 628 742 574 403 851 
78 866 57 537 880 143 367 796 530 194 59 176 784 411 572 683 662 500 406 834 507 417 557 959 184 281 278 186 50 975 208 442 772 315 985 514 799 275 641 366 681 516 506 407 864 596 716 585 563 359 294 136 20 604 806 552 598 348 703 930 350 112 409 459 607 327 645 551 587 47 265 947 688 850 629 456 521 990 74 639 412 31 982 518 445 14 155 668 246 228 552 912 640 719 700 583 923 434 983 491 
565 885 622 280 947 257 859 196 270 431 398 862 418 27 652 504 769 275 225 444 184 323 766 977 380 377 926 547 19 783 36 115 597 904 503 161 339 458 603 344 531 313 283 810 946 142 315 129 486 146 456 71 852 605 572 621 966 612 333 34 626 894 804 827 876 39 25 748 996 532 620 918 209 968 252 716 880 166 875 775 215 597 111 121 184 856 139 220 765 439 192 192 591 583 315 446 591 618 680 425 
571 791 678 592 159 745 918 221 381 116 812 228 803 329 208 493 777 87 986 209 665 220 851 776 727 544 940 628 220 396 363 195 994 712 936 219 541 371 108 761 301 320 91 598 125 777 717 867 952 805 280 896 338 60 191 636 685 473 374 222 727 132 680 255 990 645 960 946 267 534 274 640 581 174 136 83 127 328 511 202 290 493 663 120 633 507 279 976 4 670 193 171 140 844 781 297 68 23 292 155 
883 519 396 184 450 668 721 836 794 642 832 13 838 842 728 607 348 516 605 139 837 413 19 196 318 790 527 691 753 63 623 735 137 449 280 989 638 735 979 616 166 120 21 183 472 610 97 430 353 185 858 58 554 343 815 463 884 107 958 262 672 533 664 66 424 586 858 391 401 699 925 119 506 906 25 0 312 887 191 114 712 475 434 463 794 89 804 603 921 333 168 561 665 224 760 960 173 782 870 968 
354 965 504 257 276 681 690 956 488 103 900 326 63 726 156 590 862 310 220 974 394 894 921 311 801 445 266 311 689 367 738 115 497 844 291 99 134 824 746 490 215 236 726 576 699 851 604 632 891 758 866 337 687 131 384 438 954 489 769 823 421 760 847 113 56 895 245 886 176 294 833 895 864 563 57 276 845 517 967 169 78 191 643 657 810 12 731 513 825 980 779 316 731 960 168 384 466 951 696 210 
979 614 589 644 520 35 427 44 674 406 387 678 764 249 799 369 853 826 290 360 602 36 480 346 112 243 524 565 966 78 806 521 128 639 243 194 556 600 646 810 879 480 872 155 376 282 816 446 71 699 486 604 172 444 203 720 772 114 850 216 325 181 363 555 748 344 24 777 507 452 71 700 414 35 891 17 374 290 631 287 457 682 967 832 427 750 183 925 674 209 974 874 803 365 782 106 907 272 536 585 
187 391 61 693 579 683 945 356 814 50 79 0 504 649 147 635 425 168 389 604 174 25 516 415 678 487 25 964 898 422 687 44 892 957 265 506 394 957 488 993 83 607 108 375 97 637 720 835 960 992 78 135 525 121 129 67 972 655 603 582 886 492 913 110 107 74 329 372 812 97 675 39 873 674 174 934 352 20 499 134 22 924 872 325 476 469 474 234 591 931 850 621 502 573 954 17 595 583 801 571 
911 227 209 646 29 494 259 559 711 864 134 794 764 751 407 967 471 737 467 946 265 72 696 693 661 383 914 674 315 613 806 59 823 645 59 935 239 321 422 919 530 676 608 13 802 652 598 271 848 672 997 747 620 8 57 471 406 752 123 879 568 429 272 606 479 720 671 995 835 178 211 369 603 408 185 320 71 945 685 429 830 804 285 17 571 851 445 592 156 143 801 630 213 466 13 856 668 200 728 75 
25 21 31 769 699 837 322 777 693 197 82 753 491 827 470 851 652 712 34 536 888 380 31 554 370 564 730 421 377 354 425 168 11 917 372 473 78 894 784 222 470 626 428 425 475 885 134 424 999 72 737 40 915 659 736 225 59 55 674 289 377 674 336 780 338 540 644 329 968 42 940 179 966 36 618 422 832 49 190 180 592 531 152 739 977 514 570 763 796 190 671 166 387 493 218 283 46 94 992 295 
950 811 789 245 539 933 145 456 766 746 378 367 952 896 0 633 478 370 697 225 584 643 773 348 380 525 618 432 111 224 647 784 135 432 260 537 884 389 598 580 41 255 638 193 252 316 826 963 544 930 368 12 763 665 431 348 845 391 369 536 912 777 757 702 330 316 805 513 667 631 509 808 591 499 986 42 96 653 826 165 570 53 437 56 848 228 389 486 56 587 391 293 840 667 887 554 326 215 938 86 
516 290 666 474 694 315 871 487 584 77 892 472 810 456 436 165 370 736 257 63 723 806 500 753 389 642 556 722 494 323 938 592 22 80 8 358 643 1 528 750 247 469 315 710 500 461 633 976 629 146 496 463 591 960 549 132 4 90 720 828 958 392 770 659 8 550 620 889 764 322 157 988 668 56 405 180 589 154 513 709 139 193 53 358 866 697 720 912 852 358 488 662 461 210 893 655 463 692 313 764 
644 690 301 711 564 871 939 208 926 134 554 163 899 615 244 846 764 129 936 84 705 891 99 251 849 415 910 665 673 988 885 500 437 909 86 139 778 272 681 526 816 643 982 723 849 667 152 40 228 825 131 889 914 487 961 416 811 56 492 379 310 969 261 423 259 486 791 348 840 542 639 679 517 50 308 837 79 959 833 272 169 855 606 444 957 337 847 782 556 521 873 539 197 384 897 578 41 889 191 140 
659 275 366 950 277 168 339 141 340 512 776 921 67 46 98 830 409 999 94 938 562 284 150 829 255 693 449 0 675 342 405 206 627 551 433 447 367 859 952 937 588 166 769 78 404 526 705 42 941 487 930 355 453 935 360 4 295 460 243 706 465 326 604 166 483 391 368 763 299 39 843 933 37 739 752 634 929 183 478 567 335 764 864 71 49 891 842 87 243 377 87 857 53 384 912 459 656 660 458 123 
151 223 209 18 897 666 351 644 876 683 356 162 484 126 819 804 509 749 57 129 158 78 955 771 233 724 492 639 539 176 189 21 677 615 787 52 272 187 789 676 386 446 214 555 439 667 357 775 924 848 148 768 456 500 265 712 243 760 766 410 960 134 541 84 417 569 250 619 329 110 695 325 269 387 234 409 627 819 91 251 738 560 551 851 113 330 700 388 454 385 22 235 349 280 143 169 957 429 360 991 
267 172 933 336 750 277 345 469 98 705 733 739 963 624 454 818 184 728 184 680 932 551 15 665 403 850 520 258 527 174 25 832 728 626 947 780 194 24 293 902 145 255 299 179 883 973 196 511 268 69 10 975 376 310 141 281 647 565 637 846 101 382 931 723 649 807 90 344 124 958 58 978 341 511 248 784 911 785 296 721 101 695 627 107 739 749 192 683 569 803 120 331 25 744 423 718 443 357 973 348 
94 183 246 351 534 184 472 813 861 371 760 441 406 363 400 647 164 121 987 213 306 523 638 998 936 520 533 736 492 343 380 895 718 162 852 412 412 497 336 261 106 888 864 778 622 281 851 398 114 565 445 629 656 62 995 792 835 373 771 503 107 880 441 56 500 163 225 501 97 192 519 112 169 617 499 968 317 154 629 540 246 529 535 945 533 819 975 977 772 971 852 227 846 595 880 150 892 795 161 403 
275 443 87 694 755 178 488 923 568 812 163 976 331 369 218 931 301 851 414 11 39 172 443 943 909 821 912 409 487 640 487 893 902 570 799 729 601 264 848 818 780 673 623 120 332 152 460 570 898 56 193 451 339 784 995 100 584 315 969 533 146 782 460 890 629 768 487 654 116 796 789 934 821 899 322 444 871 732 163 543 676 722 667 396 504 353 256 701 409 580 283 695 266 398 805 324 657 272 184 708 
327 970 885 658 339 70 300 532 938 126 499 963 437 386 402 811 404 410 349 205 953 605 685 840 894 605 19 46 457 246 207 570 414 602 506 137 760 598 650 181 556 325 403 277 1 581 98 365 2 401 245 292 855 577 877 530 510 621 281 48 826 207 210 377 459 535 476 531 47 446 733 85 800 592 798 127 248 971 302 495 846 639 975 831 442 192 683 155 695 109 183 409 864 562 573 82 500 228 771 696 
985 655 429 96 101 372 107 95 715 978 643 276 204 738 350 584 634 244 916 526 706 205 246 308 397 332 508 641 756 416 751 644 0 408 380 783 569 739 786 519 644 242 925 41 201 460 172 739 333 619 933 72 641 230 247 920 468 195 463 838 709 599 259 752 939 559 832 503 654 234 256 484 393 735 446 406 383 573 645 613 910 571 447 275 457 446 670 804 848 109 859 585 638 318 780 308 94 189 154 994 
584 284 983 788 442 514 690 196 308 660 942 699 244 193 668 266 525 389 96 158 978 476 953 513 708 152 198 527 811 890 365 306 154 170 226 890 690 842 525 854 421 158 870 25 193 958 65 931 255 417 735 575 779 784 113 958 736 74 166 833 756 120 280 41 818 708 216 399 421 667 439 395 724 776 821 495 451 368 269 454 174 991 695 955 784 0 974 723 996 170 951 753 609 372 333 265 793 7 914 265 
181 788 549 563 624 914 991 324 917 981 590 440 660 361 687 686 392 789 461 746 405 617 49 123 269 709 645 605 981 38 635 634 684 224 47 11 230 396 991 873 24 312 547 806 15 762 575 599 233 856 23 16 272 933 676 859 779 320 675 592 328 692 897 136 159 558 940 549 197 677 244 449 675 903 355 325 313 223 355 535 607 460 248 680 691 446 202 239 11 560 149 522 823 676 469 455 539 430 363 334 
749 366 289 713 848 463 698 817 259 624 406 678 321 994 159 140 141 383 342 554 107 40 133 634 225 96 392 860 190 860 614 186 93 205 385 404 85 584 281 136 871 357 610 749 462 879 41 551 125 416 581 169 208 487 421 230 710 646 634 258 224 254 210 685 947 922 860 345 640 722 103 828 311 813 942 302 175 158 126 349 77 437 935 726 947 241 296 867 724 430 451 611 473 438 344 179 720 537 813 838 
943 534 926 371 631 189 87 925 747 861 796 411 310 584 766 729 464 523 413 542 103 550 253 837 343 827 116 615 54 477 652 715 839 835 677 273 60 651 390 287 183 560 466 707 40 305 203 248 752 932 939 351 815 626 686 44 7 110 108 743 371 958 360 672 790 592 930 171 122 616 751 399 318 378 595 815 155 738 445 899 330 402 676 698 691 755 143 118 574 342 99 300 279 563 496 442 979 544 32 124 
680 57 958 543 713 760 776 900 304 570 553 496 750 20 557 227 561 934 491 855 345 735 354 672 144 27 914 955 286 544 786 456 210 671 449 511 636 662 446 116 497 619 368 408 67 831 575 50 950 846 225 501 43 985 27 791 221 935 746 571 79 111 367 389 822 198 877 270 889 874 602 457 968 150 982 375 435 228 232 295 98 271 680 824 754 13 360 697 422 864 732 632 70 16 457 685 705 813 535 533 
78 220 691 47 989 589 820 348 718 363 563 855 961 170 793 491 822 483 696 641 443 74 294 982 382 946 495 919 107 948 337 813 7 930 867 0 910 671 885 467 783 102 661 375 692 782 955 286 437 579 394 778 262 865 856 205 581 937 881 147 570 312 523 724 94 982 976 756 56 259 958 658 389 265 476 942 649 609 150 176 480 981 66 557 396 546 695 718 62 516 620 209 477 166 101 548 74 751 66 556 
525 741 417 332 730 654 420 448 367 916 494 84 350 184 675 953 276 771 189 217 95 860 983 427 112 395 492 305 755 774 825 466 122 836 200 151 767 858 354 632 696 37 692 719 308 5 363 410 910 595 655 395 202 579 617 420 9 831 687 893 522 448 555 605 750 608 326 571 988 32 25 310 915 46 799 306 76 180 245 745 956 104 406 229 703 220 932 456 801 298 587 890 356 874 298 518 967 780 553 680 
69 859 869 779 88 459 584 407 85 908 803 518 48 9 56 631 755 568 248 426 968 65 76 659 421 157 155 459 569 185 302 641 56 775 264 924 847 532 258 523 953 522 329 673 66 67 700 209 166 2 514 153 563 15 732 574 72 123 99 572 251 502 803 511 292 416 518 512 27 974 506 407 753 955 528 50 616 339 603 124 713 653 770 41 285 838 562 541 58 870 823 813 779 736 439 114 882 161 671 582 
234 124 297 17 45 710 9 39 701 631 981 511 567 756 142 425 590 458 185 702 998 349 312 968 357 865 255 881 916 908 386 791 668 684 206 813 25 215 360 302 500 399 323 670 451 355 466 73 155 166 655 310 815 499 702 536 741 183 347 887 907 426 708 660 695 697 172 343 182 286 871 731 612 817 491 73 729 801 104 749 185 823 566 798 386 141 875 273 917 752 617 88 164 226 435 341 588 484 533 858 
815 716 65 825 86 111 706 662 205 407 46 440 805 711 253 798 850 587 833 570 219 770 36 390 622 244 560 272 306 428 363 294 159 827 914 360 204 191 97 784 555 444 42 286 295 947 389 485 737 216 473 648 306 283 611 446 732 384 875 552 288 586 749 932 652 247 477 495 799 556 483 307 583 63 881 502 579 766 468 591 372 606 922 970 316 83 111 771 985 128 351 835 731 804 247 521 700 336 577 71 
239 87 722 177 83 846 463 485 932 966 547 409 592 907 975 954 93 796 821 451 635 772 410 599 529 337 528 659 783 505 463 77 149 281 819 699 328 581 369 768 997 839 333 320 532 236 584 837 182 528 724 839 147 921 958 399 599 452 408 80 795 780 545 132 377 801 375 377 2 607 34 145 423 730 399 248 375 564 924 748 66 39 875 843 441 182 845 26 606 941 213 132 359 563 314 693 314 396 60 722 
333 924 371 702 301 822 681 813 145 240 250 941 14 118 920 488 840 262 268 896 399 998 353 514 281 10 546 158 149 770 365 841 425 974 58 494 679 58 943 191 629 400 624 416 464 826 288 671 680 474 775 120 434 542 194 571 28 908 236 581 973 240 562 263 750 789 72 63 358 640 317 341 8 423 888 320 668 309 429 881 136 110 354 581 430 109 989 412 752 418 345 38 713 4 940 744 450 273 825 513 
96 436 494 721 207 743 804 713 318 591 863 279 893 684 301 690 242 645 461 750 801 115 189 327 560 123 897 427 183 122 100 511 373 722 801 839 377 962 804 666 16 905 758 810 973 759 54 357 96 290 432 153 364 905 716 830 927 541 800 467 149 896 667 136 865 815 77 702 721 219 718 326 627 104 268 202 335 992 338 780 114 405 913 668 638 186 311 754 561 485 121 839 153 136 69 690 232 742 293 884 
401 670 586 340 20 666 924 155 72 920 170 40 338 221 899 864 899 671 385 607 497 998 412 926 192 765 26 730 465 300 244 666 510 595 433 941 883 142 672 798 748 603 738 304 755 551 382 973 842 534 378 661 958 460 544 117 342 974 129 240 61 20 143 775 896 609 203 620 869 582 603 818 717 404 994 903 22 171 17 606 535 262 462 109 660 912 84 288 313 168 716 324 894 231 122 960 684 209 664 42 
895 265 420 667 484 838 364 237 392 975 990 496 387 786 471 554 737 393 907 358 271 329 877 300 1 349 518 602 717 196 269 316 982 136 553 467 627 34 208 35 69 191 980 309 750 389 654 230 672 130 186 748 350 462 671 742 188 123 30 370 391 64 878 262 521 870 756 406 409 402 981 44 507 148 991 943 649 943 507 84 980 645 56 815 9 54 620 740 618 352 308 163 176 817 808 855 262 927 61 616 
904 823 378 65 999 108 919 507 958 440 907 295 344 239 900 440 963 33 622 877 541 607 428 85 401 804 937 506 656 507 916 497 796 765 593 57 408 760 395 305 311 799 743 13 564 872 440 413 244 57 477 837 643 666 695 500 558 407 86 703 132 791 460 470 305 209 932 202 727 343 963 120 858 211 247 240 174 753 61 989 275 405 500 574 962 901 433 47 812 134 197 414 797 298 491 557 393 6 481 590 
684 506 730 583 156 158 621 470 596 289 477 960 631 510 243 135 601 171 240 940 709 7 278 925 931 830 236 102 497 625 350 425 143 280 341 493 170 123 394 779 586 862 447 715 154 356 809 519 552 719 121 752 142 115 289 101 108 802 810 926 156 185 295 915 472 144 83 292 537 899 632 986 528 598 423 417 535 280 829 918 636 554 946 220 308 0 532 174 519 222 706 76 673 41 695 183 555 254 607 723 
849 220 294 119 669 19 404 26 85 191 821 438 842 577 213 656 597 423 196 894 31 692 112 853 368 883 902 64 910 208 469 612 358 703 918 666 70 188 800 344 163 270 333 836 139 459 576 707 922 41 707 801 890 275 486 539 499 502 165 813 518 263 570 352 511 626 351 135 39 292 963 830 837 895 513 946 477 670 433 227 277 190 478 555 625 335 742 918 684 848 788 441 245 354 569 419 338 939 372 985 
867 101 831 679 861 973 996 181 653 561 613 156 766 187 453 837 845 575 513 982 147 759 312 926 598 736 764 612 800 968 672 435 168 454 127 715 760 129 97 519 491 638 304 134 325 650 11 96 107 269 749 591 196 228 88 205 659 712 981 458 569 553 245 881 635 859 772 356 205 790 681 420 49 355 184 607 777 432 629 476 708 727 562 520 363 346 839 945 426 714 147 875 270 380 772 229 487 96 436 601 
334 609 851 216 357 251 229 908 812 277 2 626 560 501 16 981 681 466 949 829 142 649 602 79 907 634 538 799 323 200 917 960 291 692 825 82 954 175 208 45 70 100 972 237 683 669 481 195 702 467 832 456 260 753 362 192 729 937 480 274 582 276 604 844 451 189 570 829 122 203 55 197 871 172 430 776 427 614 62 501 746 964 115 992 519 453 79 856 278 806 42 788 346 412 375 847 621 19 577 82 
262 287 394 702 211 507 700 979 195 792 573 662 77 803 105 642 70 163 3 484 147 107 163 45 901 196 792 579 677 179 643 937 265 130 624 111 320 647 713 943 229 784 132 850 759 826 529 765 630 77 418 497 313 461 331 718 623 170 688 919 572 3 703 734 582 708 217 147 403 745 67 33 854 136 447 702 186 229 768 494 954 839 992 641 379 715 693 189 747 72 573 359 622 788 293 59 304 157 217 893 
95 230 622 676 928 549 313 162 945 17 815 230 311 109 512 933 313 152 869 389 614 156 875 246 99 784 950 310 371 106 30 144 45 522 729 199 96 496 744 353 726 652 743 852 82 476 773 854 179 540 144 739 891 776 379 520 195 927 733 52 53 657 622 631 603 29 383 485 677 162 694 356 248 10 373 117 755 152 504 902 224 687 886 219 55 964 404 729 600 801 406 565 638 937 974 209 145 606 878 656 
622 620 885 335 52 775 553 0 725 143 852 229 445 794 258 759 609 253 838 912 494 374 402 266 941 997 649 206 585 938 383 119 438 302 916 8 308 935 901 766 949 698 633 828 102 501 273 708 984 555 613 773 586 895 793 264 494 607 663 146 894 538 672 34 519 558 658 330 441 701 17 897 653 710 592 559 791 453 424 590 866 806 440 775 93 365 254 95 678 215 569 477 451 96 761 707 810 695 966 832 
327 106 873 966 667 350 47 364 516 374 346 557 260 841 185 486 315 892 409 751 15 831 561 538 84 34 257 26 469 631 120 31 793 956 994 660 248 447 70 617 297 585 313 59 493 811 33 682 525 868 218 25 762 884 355 236 726 689 552 903 517 245 406 398 596 805 513 484 140 884 826 413 761 15 430 340 59 215 948 127 641 555 839 629 943 954 294 548 459 981 770 202 669 355 133 832 176 86 988 621 
907 960 217 286 887 436 448 170 889 805 508 968 953 148 91 986 989 364 524 737 468 905 884 418 694 838 40 693 610 664 749 769 655 576 473 478 921 272 890 226 394 389 705 618 742 649 559 880 917 298 281 430 371 863 182 975 734 105 653 534 344 35 605 439 633 689 839 965 920 759 78 786 852 623 334 108 992 232 186 216 427 606 525 803 436 542 156 688 834 93 422 450 21 418 882 643 994 71 76 828 
394 854 334 785 385 40 500 38 839 519 854 548 529 855 225 705 148 889 365 922 604 901 377 569 949 198 377 960 447 11 768 630 501 141 963 264 147 324 903 343 745 896 429 399 978 49 221 330 221 389 425 247 436 99 931 762 272 19 519 579 427 511 311 22 740 220 324 7 777 741 443 943 157 952 989 307 177 186 218 953 986 332 226 763 512 878 453 954 76 825 558 581 952 115 796 139 723 531 892 538 
432 482 619 236 956 326 727 348 674 850 695 110 666 379 583 687 886 310 921 487 512 100 524 293 340 931 173 521 86 874 805 437 853 27 926 421 440 918 27 480 303 964 395 228 317 923 153 898 335 122 664 27 373 524 295 900 795 714 560 657 727 738 983 401 959 100 837 691 219 262 35 948 184 717 768 311 95 138 943 685 718 442 610 131 144 824 542 623 739 583 65 921 158 385 524 243 794 191 132 755 
29 65 653 479 972 339 730 261 847 101 260 692 264 188 985 892 836 267 844 60 351 919 55 125 475 758 183 404 342 174 758 76 252 603 550 173 126 288 579 529 243 102 392 918 433 159 782 147 295 966 859 939 272 920 330 7 145 36 296 774 371 53 545 603 133 580 4 558 524 499 992 151 234 317 95 826 639 978 792 864 902 346 44 616 335 536 851 167 577 356 181 687 108 38 420 749 438 124 265 820 
315 554 446 919 628 46 898 366 11 803 872 457 669 964 443 358 989 972 315 62 380 157 967 940 304 249 620 342 183 200 769 842 326 3 896 259 988 111 808 323 60 98 415 262 475 631 237 121 970 875 508 821 264 45 384 782 338 69 645 682 570 424 124 60 265 506 441 157 610 717 156 738 583 49 469 229 368 786 430 536 440 738 390 130 689 23 485 477 488 818 970 689 947 35 164 885 629 715 380 807 
261 103 614 619 158 83 943 896 250 910 315 6 386 83 923 221 356 249 995 344 654 933 181 710 92 274 731 140 798 610 36 203 174 507 460 832 593 225 654 141 698 952 445 923 791 800 979 258 612 391 659 809 764 363 545 146 439 508 185 999 723 383 792 741 190 534 325 283 377 77 33 296 142 564 424 951 393 831 794 569 538 635 60 204 591 645 806 405 396 380 354 852 644 591 437 241 241 543 771 307 
440 448 782 699 966 806 599 191 673 344 332 57 697 174 575 275 555 511 606 532 408 437 628 212 144 961 635 65 556 252 813 131 267 661 747 888 615 898 149 108 489 269 293 246 679 217 315 950 756 564 601 594 607 850 323 441 455 707 804 938 721 812 75 359 439 790 423 528 39 963 832 160 994 980 371 153 558 856 284 345 425 259 715 834 862 610 233 555 41 499 375 19 495 163 351 144 93 216 716 678 
20 897 572 687 495 985 427 798 329 808 689 506 215 415 930 410 296 48 450 796 408 189 435 245 163 194 592 91 120 211 776 262 583 380 741 155 59 55 1 982 756 660 298 929 493 334 189 814 420 87 274 34 312 147 197 900 122 165 561 864 648 46 51 547 353 955 152 458 286 124 653 612 6 575 680 909 988 673 191 120 945 232 737 917 184 213 337 917 612 947 654 788 905 648 502 889 483 297 888 35 
849 972 657 457 628 520 506 916 961 712 305 814 410 148 503 575 280 263 390 319 303 205 472 74 223 649 696 109 553 132 175 997 781 308 650 76 7 864 978 764 536 669 34 536 242 46 536 923 283 441 702 524 297 777 925 547 696 798 640 666 35 746 850 15 583 386 568 247 24 964 29 632 137 33 961 508 300 976 637 600 912 569 363 95 529 794 197 885 191 995 268 106 141 933 189 683 891 355 854 88 
412 998 592 920 445 835 333 256 69 718 520 881 933 938 128 152 546 61 399 624 72 933 538 734 831 119 857 834 313 592 641 971 963 280 230 114 625 695 661 759 56 366 30 310 783 180 785 691 207 907 895 67 224 886 518 175 502 889 374 534 597 814 897 477 963 107 368 799 377 667 662 740 728 951 842 35 20 917 955 113 866 511 306 755 250 880 216 119 493 357 168 242 374 578 288 780 127 277 825 684 
14 875 875 399 140 181 508 374 357 752 24 598 384 420 298 840 597 283 351 477 840 173 253 363 10 763 273 947 352 925 900 276 453 702 404 593 866 327 810 824 10 632 990 363 337 679 374 980 922 803 635 306 884 975 682 461 885 402 991 804 955 508 334 988 270 939 472 699 878 545 919 325 738 948 771 147 952 911 452 987 752 477 939 909 991 354 13 467 964 989 720 0 239 609 596 519 659 0 988 414 
299 458 717 76 131 624 293 956 125 108 200 965 540 462 633 30 801 30 48 241 301 286 930 995 95 780 99 191 950 556 257 544 127 884 480 441 192 228 154 355 829 293 111 924 145 290 930 994 954 299 763 457 938 304 829 358 391 77 67 581 390 164 294 662 753 423 497 643 649 96 351 182 439 688 208 95 122 626 979 478 775 683 281 358 651 975 463 811 450 396 433 746 356 643 162 177 79 321 621 848 
499 46 105 442 815 953 572 333 145 606 243 164 433 23 377 803 162 492 395 93 838 909 333 636 331 563 788 422 312 126 552 172 201 585 43 42 786 585 561 364 914 595 407 410 93 398 560 308 556 406 121 175 10 990 785 478 972 402 189 242 180 687 435 495 506 647 417 653 628 104 867 432 502 736 111 114 200 528 752 590 174 327 857 360 519 919 850 349 976 855 500 227 313 658 249 20 119 233 827 218 
2 965 704 162 61 988 331 117 880 748 776 386 694 827 239 199 574 513 21 916 363 117 29 862 28 697 344 713 2 659 918 175 511 357 421 501 271 105 72 973 679 277 905 630 428 116 97 36 636 104 437 339 20 460 272 625 970 298 769 362 379 594 85 422 310 395 103 980 436 836 783 202 376 952 555 793 783 803 929 143 8 546 428 406 726 210 505 318 319 494 654 112 920 688 286 410 674 468 441 813 
784 940 596 647 556 950 284 706 48 893 503 320 646 592 657 818 191 686 105 683 342 431 664 754 638 770 567 456 556 668 574 758 968 549 637 193 172 55 957 773 8 269 237 423 894 199 9 495 49 561 900 739 617 496 996 759 539 123 772 110 362 685 943 993 876 80 575 418 369 940 55 387 678 497 142 102 50 333 547 14 569 432 477 169 372 680 696 969 318 587 97 51 216 647 110 204 967 984 447 252 
651 728 936 482 622 401 216 850 245 126 564 825 151 259 487 426 671 638 944 510 669 244 389 475 303 775 171 285 445 501 615 479 985 985 826 832 384 480 20 156 325 909 178 344 252 113 293 142 42 888 955 918 118 201 327 936 307 287 318 904 989 142 221 794 132 21 941 70 798 756 167 502 207 987 526 870 966 786 261 115 943 548 394 900 925 251 342 7 993 421 836 159 312 225 4 318 144 675 488 810 
421 784 366 332 762 470 947 184 402 737 347 752 355 450 519 906 706 4 799 471 40 763 600 72 787 150 465 678 260 148 495 144 922 262 466 512 373 146 584 453 160 466 999 78 240 752 774 603 333 194 388 811 336 138 252 529 186 410 729 449 152 260 34 792 100 997 172 349 797 275 762 544 159 312 87 595 422 423 887 554 678 471 385 773 108 885 832 284 914 812 457 912 706 939 817 705 300 509 49 984 
930 459 417 686 901 563 7 865 307 347 813 574 79 826 155 78 916 238 228 947 261 196 113 165 10 923 509 372 175 989 413 548 29 111 965 952 339 951 242 881 265 980 211 781 624 320 353 966 949 600 517 623 991 845 752 444 385 652 559 478 352 401 386 357 440 836 594 634 417 89 1 83 983 853 691 659 905 660 381 526 106 222 533 818 474 723 777 359 249 420 770 793 645 164 833 688 371 647 347 996 
635 499 168 15 18 766 46 921 648 849 997 161 343 636 45 644 303 873 221 42 818 576 723 417 693 508 686 264 658 278 161 844 910 635 50 431 461 384 330 47 139 464 551 780 24 694 490 774 922 633 739 391 154 713 692 571 699 304 289 984 559 286 38 178 768 924 222 407 856 799 817 702 306 108 44 3 192 442 996 92 621 274 941 959 418 524 746 510 829 100 73 684 345 920 787 332 937 67 776 692 
87 911 852 793 360 770 95 809 61 368 101 839 899 58 920 372 593 632 106 214 896 840 37 550 438 408 699 896 3 816 382 179 145 859 957 73 526 224 763 869 401 332 969 880 451 162 770 247 744 770 966 602 691 721 498 227 95 464 346 1 910 272 83 324 85 903 878 617 137 137 875 953 927 506 440 676 231 944 917 726 78 780 380 793 962 142 854 156 633 711 766 724 73 293 293 849 319 24 455 99 
828 131 945 965 462 937 80 360 437 975 889 511 835 810 71 471 311 593 76 219 918 561 914 628 147 579 873 319 436 658 47 904 294 757 535 234 461 726 615 505 502 897 355 763 106 270 262 323 931 208 487 194 450 740 414 747 168 600 834 66 998 238 689 545 371 105 356 271 120 85 153 705 635 345 993 709 72 213 994 121 560 576 156 111 859 464 349 802 976 281 903 937 341 67 417 386 734 256 355 833 
962 169 236 901 99 236 576 621 110 922 60 202 859 415 390 591 696 381 146 383 812 969 313 850 155 830 58 243 560 681 555 378 810 808 977 197 522 224 188 599 236 914 526 656 447 913 61 346 183 679 462 740 338 801 814 943 995 395 92 14 978 876 655 508 596 443 475 750 489 365 969 324 354 570 157 124 408 888 505 358 491 42 138 721 571 879 714 627 303 838 599 216 810 267 7 892 300 660 383 607 
686 664 313 970 333 70 444 121 67 871 997 376 383 954 416 224 313 46 170 969 457 21 82 583 403 540 334 582 477 429 622 101 270 13 522 393 698 686 32 826 492 460 478 639 168 748 802 705 100 241 259 217 1 64 393 726 840 963 171 600 13 315 561 366 246 305 248 900 303 379 846 92 179 187 648 516 860 588 660 331 319 234 672 123 869 985 84 502 156 388 557 851 21 468 587 179 249 34 689 762 
893 658 832 308 419 60 207 84 545 543 909 569 727 311 978 76 681 385 50 961 674 922 324 687 203 860 681 607 893 592 356 178 925 660 940 459 734 550 282 686 75 345 457 729 305 868 180 266 600 368 666 196 258 361 570 194 968 243 541 551 779 310 731 318 848 581 348 225 717 370 445 979 133 496 149 577 207 922 119 234 432 802 187 174 194 942 961 667 64 177 399 597 416 738 631 146 74 245 308 529 
342 381 560 70 33 531 141 889 275 205 159 887 480 80 264 397 14 89 882 552 85 439 207 956 310 335 885 92 843 825 505 328 128 314 102 210 615 680 409 948 671 144 631 174 523 240 19 124 915 95 931 186 826 775 427 597 64 47 740 30 700 854 604 819 184 827 758 899 412 546 91 482 356 45 155 501 291 466 193 336 143 789 995 273 376 623 774 675 267 708 818 116 591 414 246 208 803 103 121 939 
759 238 597 804 538 97 562 713 737 758 58 990 836 918 183 874 690 312 989 325 282 98 410 697 885 572 801 583 204 618 139 919 898 678 159 549 713 130 569 309 913 388 86 771 428 878 768 458 368 276 700 469 908 12 541 806 999 879 573 390 80 666 491 219 616 639 671 190 998 33 10 698 286 823 103 363 357 327 795 242 475 324 693 81 149 865 63 693 850 615 956 642 737 916 276 970 854 560 878 299 
123 800 424 602 490 76 226 705 505 527 613 9 181 121 991 636 876 898 956 506 868 267 487 418 576 463 306 545 894 169 640 8 500 943 891 929 196 528 403 682 550 964 399 350 566 740 422 117 111 535 940 20 610 639 421 712 110 247 137 915 780 151 209 12 368 241 462 557 968 276 892 788 175 652 622 66 345 351 754 166 290 605 354 193 942 847 640 393 732 327 666 132 841 547 813 86 318 288 217 824 
677 476 415 812 602 338 661 654 423 845 745 160 853 575 425 942 365 888 741 766 535 362 710 178 940 520 533 586 128 768 408 786 373 940 767 51 54 433 503 123 590 479 741 998 164 296 277 734 425 301 72 643 486 266 631 464 920 322 661 16 206 819 797 510 703 888 86 743 270 10 851 760 259 126 130 3 215 84 675 287 901 371 487 57 852 71 67 376 351 779 320 685 161 688 6 665 259 68 370 739 
742 919 990 238 227 496 619 982 112 636 730 617 531 478 937 378 892 187 536 338 137 481 403 732 307 374 557 502 166 230 240 102 671 571 439 491 816 420 876 128 175 52 323 198 189 285 519 72 612 991 495 582 288 203 168 945 979 813 582 383 178 733 323 905 979 190 553 691 728 235 691 970 65 558 486 498 719 341 314 78 249 977 935 673 6 381 731 586 472 699 975 969 791 710 136 623 875 691 218 388 
724 992 434 569 27 280 810 75 700 316 559 38 998 704 829 179 20 143 375 410 912 312 770 954 706 695 279 896 561 464 413 529 119 749 852 756 147 726 911 927 159 414 248 536 532 9 689 251 575 125 849 675 893 42 105 124 551 304 461 978 665 410 170 432 376 129 528 525 67 524 386 819 761 169 779 378 910 708 818 910 483 718 564 45 871 312 627 676 752 78 606 411 845 875 636 882 839 133 522 423 
118 468 739 710 707 860 415 581 106 821 604 840 594 836 24 788 683 109 225 52 72 892 148 4 487 88 760 503 969 725 510 476 847 860 42 740 916 935 446 703 375 523 756 764 637 165 538 299 294 557 742 758 195 424 594 141 28 660 440 110 478 863 821 496 225 243 560 367 528 469 836 648 913 976 199 196 847 254 745 450 546 669 705 330 700 759 978 0 233 225 230 776 71 972 840 207 706 820 318 139 
560 743 210 56 893 881 273 324 268 154 149 706 286 525 279 90 326 115 484 592 491 29 211 648 211 448 315 858 821 542 744 448 5 846 671 400 931 922 28 820 314 490 869 691 496 67 340 128 4 426 98 838 488 252 742 317 383 222 773 232 614 54 534 128 337 709 842 738 138 731 309 605 644 990 796 590 858 584 201 284 507 371 387 559 534 196 338 496 197 535 649 90 178 95 815 658 548 46 25 737 
685 86 302 502 440 842 694 663 771 834 647 896 599 193 863 26 254 823 597 340 5 495 780 799 38 732 234 861 574 617 628 178 857 439 623 477 202 382 768 349 683 892 688 200 623 291 838 295 698 969 889 496 878 41 865 951 742 978 42 466 234 107 235 206 750 901 408 625 138 690 550 483 3 828 279 356 789 21 96 883 329 951 636 970 155 694 560 688 789 888 764 660 905 590 169 456 127 286 798 23 
837 617 258 255 633 477 53 442 805 507 656 330 895 523 182 96 184 721 18 655 401 619 458 297 288 223 928 164 737 395 354 307 879 927 783 595 484 311 90 539 51 310 192 109 373 81 966 272 170 797 970 690 651 574 177 345 410 949 104 546 820 977 242 271 829 779 837 967 764 236 602 665 741 498 342 182 263 179 924 833 625 468 624 787 363 176 475 254 34 526 574 754 841 530 365 945 480 950 614 850 
653 601 332 113 153 305 273 192 786 803 428 556 799 894 832 282 276 570 260 456 58 539 212 703 169 594 622 383 102 675 764 437 661 695 694 764 40 295 155 500 379 96 806 995 330 916 22 35 279 534 382 359 499 239 960 578 423 304 635 209 41 546 578 783 540 572 87 962 475 81 7 291 222 165 341 604 701 718 52 723 171 125 801 654 212 882 634 482 294 291 259 360 190 77 770 855 870 367 651 908 
772 761 466 343 824 428 862 810 358 382 77 450 621 303 875 385 830 148 788 180 791 554 557 117 701 346 182 626 19 924 376 401 595 296 377 484 327 845 549 478 825 615 991 579 300 371 968 385 206 566 665 975 330 551 775 125 83 994 273 264 806 69 137 291 950 544 124 881 462 537 11 83 7 618 413 240 27 163 358 606 692 315 371 409 862 127 860 747 736 876 477 794 871 178 634 967 686 346 409 874 
435 27 191 573 510 582 759 994 505 372 225 890 228 877 938 316 542 472 977 541 850 342 893 319 967 299 981 928 903 191 396 534 295 665 469 884 777 603 79 868 237 654 773 984 600 858 807 559 512 737 184 569 476 919 133 200 99 612 930 407 206 499 222 648 282 447 856 677 603 570 999 784 91 266 300 471 502 923 444 379 8 417 912 991 452 462 641 497 920 558 978 775 813 801 955 287 534 650 798 831 
145 458 495 202 952 555 803 702 197 568 263 797 917 231 841 559 891 579 821 196 537 651 280 458 124 488 204 30 911 569 218 170 405 961 609 591 631 895 424 469 90 50 131 800 953 955 122 181 536 895 29 393 594 966 946 795 846 732 42 769 508 71 207 972 35 499 338 595 991 937 319 828 497 387 12 742 550 279 767 886 69 839 276 346 819 408 782 586 357 521 502 807 130 33 812 367 821 4 599 583 
242 919 792 273 79 723 57 604 653 798 106 480 990 670 427 276 91 440 284 283 660 201 516 780 241 198 874 213 133 774 167 907 426 938 669 325 74 276 839 840 287 242 766 961 65 56 639 133 44 259 503 453 407 202 81 688 521 648 312 313 236 723 486 438 852 177 805 976 374 313 155 876 839 830 480 564 213 199 865 602 877 323 185 478 798 196 460 537 91 86 598 102 222 530 531 947 341 317 114 994 
574 666 979 218 592 317 489 966 692 963 728 355 856 230 605 955 172 881 715 24 521 612 618 666 387 890 877 136 619 872 732 513 539 948 230 993 780 489 622 555 530 522 539 764 292 46 691 340 194 658 762 705 732 13 571 551 836 472 563 163 426 666 292 380 281 987 622 366 684 884 281 974 843 566 496 943 605 45 947 411 279 397 221 315 597 208 403 470 213 992 46 204 209 680 59 2 29 917 28 249 
558 789 923 531 10 545 886 857 177 45 887 200 635 266 852 710 904 635 191 271 895 247 174 234 878 682 40 578 335 602 623 575 197 658 110 331 886 458 516 719 258 925 525 58 524 361 520 95 16 709 194 999 456 399 130 126 705 209 47 525 80 540 873 51 4 817 971 56 336 908 485 343 873 324 828 712 930 614 326 927 652 446 409 632 702 545 313 959 645 14 914 625 975 167 727 116 316 630 377 59 
957 942 396 739 950 972 868 843 573 947 383 250 247 274 448 195 446 598 619 944 74 578 10 494 325 986 248 481 975 811 832 876 911 566 257 435 818 174 105 547 741 871 438 990 111 416 66 135 134 205 190 420 91 788 300 5 682 693 964 233 477 382 301 543 927 678 309 842 167 150 626 0 494 794 641 145 241 347 300 741 235 263 191 25 444 845 969 534 504 211 803 674 146 886 530 82 543 23 343 271 
542 262 815 859 581 491 380 89 106 404 243 315 380 743 547 592 805 840 864 737 662 837 617 857 242 857 818 389 286 272 281 57 854 195 914 975 312 548 761 821 147 480 490 771 775 12 842 301 359 602 437 34 551 12 242 963 275 186 554 894 615 318 3 87 146 787 778 471 196 794 425 406 841 71 881 270 915 11 642 784 30 389 727 865 153 921 10 386 386 238 870 732 920 970 739 951 528 133 194 234 
492 706 661 203 90 529 940 621 944 803 320 626 898 607 525 509 174 23 389 750 364 669 901 234 521 523 339 735 13 192 794 251 665 48 876 970 495 976 13 641 845 984 507 918 874 196 625 570 643 23 356 674 134 27 394 192 69 1 43 927 10 457 961 599 993 535 266 463 818 176 257 281 253 940 948 76 977 550 517 972 476 592 712 895 371 142 388 127 13 775 973 570 715 445 702 969 932 424 230 773 
900 800 202 547 72 276 141 65 22 846 207 381 608 669 609 789 457 183 196 545 458 326 461 678 927 303 11 553 567 229 495 865 359 592 315 295 301 693 936 251 957 538 92 109 217 320 125 38 207 63 272 150 783 861 668 660 412 104 726 181 461 793 415 113 955 387 828 168 781 955 115 480 208 485 353 923 71 544 478 95 697 250 352 87 840 444 324 159 764 676 229 428 536 330 267 476 379 119 881 782 
138 668 348 180 794 132 296 307 521 837 869 455 592 148 283 483 972 300 226 513 180 447 98 690 28 477 540 519 840 24 862 621 558 560 332 166 471 517 199 632 234 112 595 923 484 44 269 379 204 189 665 626 770 414 239 510 274 927 78 55 441 338 634 235 97 958 631 53 608 50 417 375 90 990 715 820 431 733 374 369 480 222 422 489 510 124 219 756 10 258 561 392 926 156 41 939 84 254 186 400 
918 537 402 352 705 32 528 771 535 233 593 881 475 652 92 720 715 37 13 67 23 572 310 951 336 620 233 859 329 938 580 177 36 119 356 695 552 276 77 569 944 337 149 985 258 200 540 244 325 569 362 779 349 676 209 484 407 630 161 338 649 183 321 667 349 7 366 200 93 553 479 204 321 967 363 126 47 254 547 627 973 710 624 576 978 725 421 786 909 376 33 711 8 303 945 302 142 514 517 350 
877 305 427 554 483 511 356 280 263 746 241 695 931 146 6 201 410 133 427 164 64 192 124 679 746 507 30 319 468 618 225 222 470 580 989 55 31 59 992 679 2 914 638 37 838 857 878 570 360 537 1 499 425 608 674 590 702 56 31 240 760 597 811 815 21 274 543 240 673 997 668 293 564 97 656 25 684 750 7 823 305 635 583 907 340 447 102 545 300 690 560 561 688 544 921 357 957 86 18 932 
602 232 24 44 767 284 638 100 72 83 931 587 689 222 210 137 872 322 928 605 624 121 385 342 488 731 215 430 316 207 318 760 98 571 14 485 152 995 456 150 253 230 724 144 597 696 827 56 351 853 919 919 740 832 546 601 961 39 627 169 959 708 519 299 91 94 450 737 922 635 690 762 844 631 317 320 794 111 752 575 250 424 726 879 695 820 116 493 756 835 877 374 527 840 966 311 379 828 244 102 
