114 818 55 528 739 851 631 72 760 281 471 822 894 644 969 589 562 13 266 487 66 59 707 383 367 949 79 320 954 722 196 203 877 854 669 351 242 685 448 838 300 635 931 78 164 95 768 169 654 650 
329 859 671 141 898 174 732 421 279 187 140 792 493 206 806 807 755 370 376 558 701 636 280 216 800 987 871 298 4 215 293 83 484 371 99 950 886 534 600 17 52 503 67 755 691 320 776 53 941 768 
869 636 387 306 170 412 756 275 111 364 523 581 372 794 849 109 568 622 555 740 751 431 969 100 683 679 152 657 295 908 543 529 297 721 314 491 477 482 36 578 786 460 689 717 164 468 610 438 939 251 
513 244 378 680 217 152 507 732 431 428 275 130 995 296 26 188 298 30 651 531 23 184 821 777 706 180 274 938 667 409 327 515 103 672 931 638 175 255 191 89 251 921 358 649 954 878 445 563 794 909 
84 369 542 965 695 411 996 48 190 566 296 468 147 297 743 259 468 349 723 241 816 104 676 301 548 339 966 343 81 44 281 888 730 978 671 614 711 934 509 430 74 312 415 659 465 530 549 628 829 770 
543 864 312 714 431 758 450 314 863 438 513 868 178 184 278 375 896 151 799 472 587 239 135 235 870 220 108 980 289 786 970 810 188 82 984 194 451 495 368 68 350 224 102 613 747 405 265 900 602 811 
964 80 807 449 841 981 843 155 745 816 432 636 75 535 332 171 917 705 864 373 844 238 432 944 543 582 62 83 887 981 625 448 914 62 725 424 317 215 117 670 371 10 105 244 889 862 353 225 933 405 
618 938 399 802 648 264 22 333 625 774 301 23 481 783 570 586 905 175 247 932 636 74 301 438 693 98 856 509 664 739 560 334 493 541 49 647 461 738 932 710 110 427 383 595 503 859 176 847 854 329 
626 828 485 300 823 782 409 56 533 195 31 871 391 994 688 96 160 572 174 787 748 824 645 600 187 937 748 179 700 855 93 90 512 552 567 393 867 12 899 780 97 515 769 676 405 268 434 334 812 271 
34 442 475 731 764 626 9 91 269 80 13 183 167 482 42 929 126 998 770 657 647 672 452 289 551 895 851 853 928 255 888 47 85 807 614 425 15 935 253 242 579 526 866 269 192 872 383 139 459 544 
643 89 736 571 353 733 14 761 842 786 542 91 586 22 865 227 399 384 806 676 672 846 479 513 516 868 739 569 536 588 617 69 589 441 191 702 776 297 401 424 820 185 685 836 295 803 721 70 737 931 
905 341 504 175 37 587 690 625 629 278 322 630 912 803 160 245 983 283 463 457 227 163 385 503 948 724 66 932 987 639 821 717 230 25 951 542 253 645 147 863 398 993 784 808 213 980 440 592 797 756 
450 621 0 885 676 160 710 381 215 970 646 566 521 759 161 248 209 214 264 961 432 699 35 234 883 766 887 322 439 75 89 184 732 418 130 975 493 324 249 164 503 594 639 157 207 750 413 688 73 235 
35 776 564 613 993 446 945 73 528 539 31 19 866 945 146 429 343 532 657 435 926 838 393 925 461 989 704 568 678 577 401 392 931 170 578 137 738 920 226 426 323 581 796 248 138 590 956 903 692 788 
490 380 687 946 907 472 698 319 397 900 111 785 231 169 251 853 590 225 998 241 508 419 776 892 758 496 525 608 303 231 224 603 798 460 740 641 318 910 6 883 241 59 948 817 712 447 948 880 849 731 
229 345 763 187 235 451 523 264 753 640 279 234 129 666 361 22 554 712 394 586 718 436 18 388 543 602 236 899 575 24 676 398 97 571 928 710 507 157 299 762 679 151 672 74 46 849 604 310 878 640 
242 183 306 519 444 892 180 605 976 178 205 820 897 316 406 552 251 192 760 800 157 959 127 566 240 669 772 981 612 30 662 244 30 29 103 438 304 529 745 913 763 151 870 299 676 959 391 269 36 16 
314 479 39 615 993 484 239 805 844 973 310 352 661 354 775 223 437 387 316 750 70 549 354 36 304 695 22 28 755 177 382 834 14 952 881 678 847 376 1 944 418 10 137 250 817 882 125 560 491 626 
412 824 912 506 131 41 382 334 843 636 82 990 624 930 382 321 117 973 479 395 502 974 769 251 89 298 904 301 517 593 627 229 780 160 723 439 963 597 675 581 22 839 120 989 55 355 86 541 745 596 
597 377 191 954 566 814 351 752 292 407 348 918 997 407 545 823 693 541 297 867 386 424 829 968 189 274 478 521 800 721 620 300 984 318 194 246 71 430 947 852 387 82 431 134 164 479 783 707 664 505 
949 832 519 148 172 608 386 603 460 96 87 541 886 358 788 312 174 86 773 661 642 16 685 764 171 496 375 503 560 144 241 766 558 195 95 996 79 119 123 764 813 755 525 533 720 333 294 537 39 675 
682 298 811 401 313 789 300 575 952 618 489 916 271 392 541 910 35 266 744 856 17 647 767 564 31 397 889 943 868 333 322 468 838 939 375 625 72 790 350 576 150 596 236 74 418 454 399 372 697 176 
407 24 957 1 628 135 952 552 427 763 583 736 284 97 261 813 668 248 288 87 444 695 861 18 846 243 6 337 670 699 22 830 171 664 613 303 550 815 825 364 88 901 796 856 639 127 688 128 263 630 
254 743 552 439 626 528 757 674 90 346 225 293 663 992 609 665 395 343 305 468 911 776 87 152 328 521 312 369 856 802 578 302 330 98 502 987 313 442 710 828 889 613 579 692 106 905 683 286 497 989 
393 799 186 280 277 234 654 577 472 907 686 622 738 179 740 64 251 366 569 409 83 615 945 941 253 615 727 36 597 633 512 660 535 38 416 120 847 442 109 71 876 726 458 351 465 630 125 285 267 935 
139 633 347 273 643 911 977 829 551 483 813 405 318 803 133 882 395 71 579 891 627 356 709 644 65 930 402 654 300 567 836 931 877 605 693 431 832 631 143 893 49 994 960 152 657 760 572 115 457 606 
850 17 167 150 61 501 372 785 341 629 389 33 933 333 440 799 950 887 948 599 971 532 970 613 861 626 855 410 210 392 744 267 552 171 671 237 857 613 697 983 874 388 658 75 268 815 960 426 188 288 
718 3 791 343 235 792 299 863 997 204 210 486 245 857 286 698 819 149 730 133 281 95 777 526 41 156 670 113 546 27 153 771 888 64 597 462 995 619 465 838 38 101 688 522 894 919 284 28 707 308 
399 246 712 844 94 848 306 593 961 351 788 31 163 971 645 720 579 832 227 622 845 944 122 117 677 174 90 958 175 26 873 958 54 976 926 712 39 823 363 185 259 506 309 706 471 691 194 818 597 285 
221 394 79 92 757 536 498 507 428 621 517 905 68 486 206 95 349 23 774 1 9 723 995 525 41 931 61 57 21 962 694 434 551 747 491 388 919 573 434 96 752 561 773 993 104 132 140 883 199 899 
831 707 117 107 436 817 302 863 496 873 564 870 517 808 305 581 937 356 385 608 381 432 739 608 969 129 453 528 423 490 585 229 444 108 410 330 210 538 197 328 730 970 670 93 903 663 774 545 969 429 
914 441 131 959 745 67 855 40 491 316 981 156 243 205 158 518 481 37 165 551 678 327 446 509 873 312 852 454 406 28 673 684 417 986 265 977 140 629 462 867 336 53 8 983 266 663 106 98 582 715 
971 603 453 658 548 667 456 312 199 950 502 569 221 497 88 81 148 454 154 595 457 676 751 56 499 242 862 175 919 487 578 290 760 608 446 750 230 184 381 131 33 312 262 915 377 888 800 453 12 385 
868 840 531 492 901 296 34 191 294 780 822 981 580 898 426 169 26 472 801 335 459 366 792 540 316 391 690 110 60 837 588 954 96 441 328 249 873 656 148 85 894 902 431 399 508 940 63 558 11 791 
601 210 869 922 345 44 730 454 96 296 911 395 239 999 624 510 680 411 105 953 485 461 960 932 685 152 115 795 773 240 844 977 441 937 247 191 68 190 682 777 102 864 358 331 584 28 523 273 178 428 
145 402 207 609 822 372 787 42 733 252 691 45 310 492 725 619 165 388 393 738 203 916 832 643 708 676 26 156 905 746 61 216 586 542 131 651 415 913 339 78 932 783 488 777 785 89 788 286 935 913 
150 280 761 481 516 691 663 22 140 152 554 671 433 690 416 762 148 988 232 308 976 808 211 449 260 426 818 914 758 60 326 984 806 555 441 68 315 106 106 800 238 920 374 434 173 752 278 56 506 377 
242 768 663 372 816 860 160 452 587 549 258 467 755 648 405 898 165 64 616 358 806 580 668 596 283 116 138 215 803 641 882 546 716 830 952 216 244 741 891 265 789 316 509 831 546 165 664 664 782 951 
542 423 196 48 362 384 438 430 315 519 114 315 926 109 625 798 524 632 147 682 818 587 981 346 735 698 515 493 494 22 748 50 826 950 463 389 131 256 413 709 600 78 505 923 62 1 81 297 349 642 
328 794 315 281 240 816 793 414 902 197 214 404 476 999 331 699 818 351 894 820 318 171 897 730 227 139 701 229 142 128 663 638 389 348 906 478 44 962 313 766 280 90 842 348 101 660 15 243 392 56 
837 974 221 939 187 51 681 306 116 73 809 572 147 615 615 109 103 488 658 959 314 578 380 833 984 921 472 571 406 845 699 875 385 471 6 662 492 748 362 299 835 850 108 989 593 644 190 628 183 525 
522 367 521 418 261 341 708 446 978 813 405 590 641 160 397 617 21 231 300 165 704 2 15 977 688 235 940 443 685 695 530 783 734 617 692 17 395 731 747 187 942 844 189 112 430 928 739 800 979 720 
922 460 188 481 83 374 770 693 807 812 706 717 764 729 764 15 52 812 39 809 893 406 604 788 889 647 294 911 49 261 911 420 323 306 338 722 283 927 96 845 685 11 416 498 846 96 52 975 664 844 
102 201 425 99 342 126 242 36 242 986 47 533 93 872 30 483 712 769 562 232 263 25 263 652 666 860 658 817 762 122 171 414 314 445 302 40 13 196 79 782 808 75 783 951 24 653 853 59 399 378 
620 527 487 602 617 762 901 34 351 655 870 826 907 842 765 842 871 867 779 619 120 270 141 727 15 730 530 795 977 303 352 730 353 670 917 897 56 548 246 642 947 292 185 434 706 56 920 704 303 603 
305 731 295 914 295 985 779 328 529 45 163 814 593 934 871 980 415 188 328 698 115 254 427 458 144 348 381 531 848 477 625 163 353 443 707 217 198 847 240 329 993 865 548 725 271 266 253 167 131 472 
668 198 863 227 414 203 178 864 926 503 47 715 778 285 983 870 951 837 630 441 298 157 457 73 988 106 790 104 710 570 163 309 263 686 880 556 680 447 276 451 377 467 904 545 344 88 962 824 138 961 
553 684 298 10 240 534 596 328 636 916 851 802 851 243 786 556 167 838 992 402 658 984 276 281 571 400 717 583 835 912 505 74 808 538 277 18 371 898 510 591 452 677 99 678 295 859 271 468 205 84 
335 860 550 620 232 575 128 600 681 752 211 265 270 782 38 440 200 515 777 725 657 333 123 493 167 669 423 833 605 890 246 488 100 300 912 210 624 252 102 696 242 438 799 21 993 289 215 254 626 267 
177 167 334 802 743 572 906 101 854 62 45 618 33 26 725 854 467 774 581 565 517 1 505 970 943 823 870 772 667 938 273 854 660 523 183 842 399 607 407 659 970 466 408 611 209 929 452 61 789 529 
