854 458 453 772 108 170 253 516 450 972 523 695 76 203 553 460 553 701 483 532 611 973 734 860 581 976 154 669 54 960 103 240 154 236 571 838 852 133 356 96 966 562 284 870 369 962 319 48 389 159 
132 599 785 619 761 76 413 94 758 762 475 467 940 726 657 994 291 905 664 532 240 824 154 715 994 452 170 14 805 468 800 343 636 384 965 685 737 561 645 104 802 425 586 584 289 603 417 148 736 897 
523 49 164 427 271 86 371 257 86 166 412 159 110 760 906 392 721 162 630 60 866 928 241 407 267 894 426 773 952 65 774 861 438 688 741 523 553 487 445 572 624 842 887 15 746 941 4 707 284 19 
204 294 52 137 627 801 418 516 613 854 538 850 827 926 918 840 390 512 369 921 830 811 768 345 515 332 135 305 435 92 64 898 181 687 446 820 105 748 806 988 21 675 132 85 654 291 560 448 329 526 
640 641 589 281 644 665 310 961 60 82 229 839 415 739 549 635 118 760 973 926 575 765 723 186 580 782 411 63 622 22 160 151 363 714 714 130 290 182 151 290 870 378 744 361 525 701 686 9 150 329 
523 478 38 53 482 148 244 142 479 64 756 920 843 756 864 302 50 500 323 403 44 369 683 266 791 133 563 612 676 396 456 563 64 11 289 253 995 580 900 308 814 79 2 187 289 618 297 650 611 401 
627 367 392 568 845 284 519 402 343 810 504 209 39 493 911 896 94 251 331 554 213 516 903 962 301 247 876 649 938 492 160 372 779 241 546 21 282 312 769 7 957 640 190 734 533 255 856 264 181 903 
970 86 163 339 182 936 192 557 280 768 491 84 17 218 398 458 34 563 131 814 48 473 883 771 846 137 30 954 736 329 26 833 436 591 254 991 35 863 354 446 879 401 834 430 486 516 589 486 529 649 
697 147 271 552 745 46 298 24 18 756 80 324 998 926 11 249 102 970 618 936 652 674 345 554 932 76 348 806 79 596 146 558 895 838 839 885 50 753 175 716 415 585 599 709 624 965 786 611 500 272 
698 663 241 475 489 634 117 100 158 136 529 727 872 276 958 39 792 152 776 749 573 905 395 756 505 967 324 187 128 223 544 56 392 638 908 266 281 68 78 709 527 421 219 352 987 299 708 239 147 599 
336 738 292 697 730 206 528 562 178 137 759 535 731 835 406 581 902 613 163 590 745 739 653 64 31 810 919 624 119 464 80 196 909 387 510 938 402 840 403 493 800 137 986 124 933 689 554 538 382 620 
485 961 936 793 34 150 1 717 654 765 590 312 710 184 83 793 527 540 172 311 301 162 411 292 221 383 434 966 718 336 437 492 284 689 247 247 123 534 215 274 704 894 79 157 162 207 745 831 567 738 
143 900 346 594 867 589 807 144 673 886 160 558 36 415 184 880 395 345 681 283 272 815 47 219 33 28 606 407 428 761 184 575 900 5 327 738 341 576 215 123 355 741 356 242 613 386 410 263 561 825 
239 629 68 108 40 230 287 464 495 726 761 954 99 281 301 56 396 783 123 49 508 539 225 689 823 594 988 208 703 173 58 737 802 288 992 742 310 441 694 266 716 30 767 230 152 223 69 615 416 496 
606 587 444 702 173 493 261 796 797 210 634 257 327 586 865 320 774 702 670 77 608 273 397 577 748 189 858 162 698 722 60 113 841 519 326 601 13 410 876 144 506 644 723 666 708 526 179 917 757 705 
396 916 140 303 492 280 500 783 13 287 928 5 47 110 328 59 478 353 54 405 626 593 488 869 673 697 214 540 154 710 216 355 841 513 843 280 924 95 164 967 327 351 325 124 101 186 738 750 560 944 
259 488 885 101 396 258 530 603 338 743 263 436 986 966 176 264 84 585 24 169 620 989 262 942 713 862 562 124 759 145 870 709 661 224 152 92 946 287 260 220 654 292 274 271 770 905 330 950 519 408 
639 144 594 793 355 54 941 44 175 729 327 872 472 891 161 920 128 436 805 763 669 319 916 962 680 935 644 927 27 362 491 407 259 589 439 150 587 18 833 29 234 534 37 509 605 710 235 293 175 828 
450 353 609 208 195 582 78 639 50 706 643 471 77 408 66 181 918 306 320 305 518 943 898 924 187 368 301 911 804 911 756 190 242 325 584 413 591 819 311 542 299 496 148 256 377 384 847 686 730 389 
194 936 155 786 790 345 597 401 86 886 209 230 506 567 681 808 152 501 493 826 54 243 174 296 840 689 176 992 85 57 987 997 715 939 370 837 658 561 404 892 848 312 775 699 103 987 605 757 424 640 
322 733 607 780 986 935 349 904 735 245 937 164 262 613 880 926 133 928 622 57 517 145 939 281 737 7 390 720 428 776 653 655 672 563 840 975 676 4 184 540 108 435 828 947 435 7 446 210 875 50 
70 192 207 510 419 126 617 794 708 256 702 446 122 799 722 24 333 568 311 779 700 779 384 203 241 840 301 422 51 906 531 441 855 144 375 249 723 304 64 487 793 322 521 733 702 499 174 238 772 853 
145 568 275 361 509 772 396 463 656 109 150 871 160 740 326 571 883 565 173 506 948 19 970 368 863 74 95 807 575 633 55 257 638 639 334 937 259 678 540 758 60 105 601 441 592 177 779 447 142 894 
603 478 945 487 310 762 350 403 568 647 375 269 141 745 479 418 546 932 153 811 671 402 124 981 419 313 350 52 322 299 116 33 371 2 50 135 549 420 193 59 118 496 399 228 458 175 394 837 659 144 
106 506 37 460 933 462 189 300 10 674 159 750 754 131 776 686 241 447 686 618 306 515 462 592 302 135 728 97 2 462 456 611 326 886 644 273 814 824 324 180 979 169 642 541 204 45 547 100 130 374 
959 454 813 589 267 309 744 246 325 496 111 0 978 955 858 609 272 11 851 656 255 433 964 7 46 174 179 415 255 936 201 706 972 917 994 979 691 502 580 73 430 229 217 433 454 728 643 656 881 66 
984 735 305 579 822 736 290 823 812 852 525 100 797 571 103 5 661 201 365 163 912 96 866 380 45 850 80 440 549 247 43 120 947 62 546 161 832 55 65 274 112 235 277 813 548 646 886 54 414 548 
661 267 405 491 195 491 31 380 520 888 489 388 225 213 524 137 65 0 50 673 374 949 325 183 495 207 503 609 286 32 705 325 764 590 159 906 975 178 159 142 370 129 890 940 564 901 449 597 46 258 
25 655 120 943 707 364 985 801 376 86 356 553 23 669 859 455 357 22 17 69 628 139 865 254 380 486 101 913 52 889 272 972 312 28 305 436 167 390 517 704 259 734 713 381 545 562 252 161 48 316 
201 349 163 329 150 72 536 77 819 236 311 629 385 750 546 101 471 918 294 511 691 644 509 557 715 757 415 693 952 992 593 306 218 191 306 363 386 582 781 454 462 709 706 506 928 844 500 517 481 353 
410 623 493 353 801 494 769 792 576 912 805 268 694 256 674 234 21 616 105 854 309 973 334 589 404 525 395 784 283 513 475 707 245 882 560 580 732 388 413 795 311 214 784 951 89 18 0 208 682 861 
475 538 423 867 799 693 793 483 671 163 643 213 10 172 850 895 468 621 883 579 87 275 526 488 758 800 373 915 415 489 4 120 279 305 648 318 899 799 692 809 468 404 980 269 212 161 336 791 998 214 
896 253 516 625 226 680 405 917 490 223 73 622 15 170 967 572 287 908 960 179 170 179 791 404 133 93 508 549 409 161 594 130 943 449 710 435 988 707 659 647 982 180 758 133 672 31 195 852 119 496 
431 599 661 486 397 845 834 117 713 117 626 883 500 161 992 912 166 136 399 596 10 704 855 699 899 797 675 544 124 589 899 936 278 739 916 393 281 964 497 560 644 457 17 810 461 706 283 42 100 920 
704 241 442 563 745 492 578 744 874 601 393 320 106 373 837 473 708 322 785 617 497 847 195 226 868 730 85 706 536 292 870 263 113 180 310 281 676 329 150 839 84 197 338 326 741 534 670 159 597 977 
339 750 913 534 296 20 380 559 216 807 191 894 741 755 987 627 635 704 700 991 365 200 216 412 580 53 100 223 47 658 774 171 305 286 744 31 638 761 289 539 117 585 437 874 66 352 803 562 111 36 
221 381 173 886 853 579 17 476 686 691 136 710 627 369 158 164 343 999 912 190 58 952 490 621 587 718 723 131 223 881 236 607 316 440 763 475 339 268 697 384 737 295 555 403 838 59 529 376 259 956 
669 809 11 782 587 58 263 962 863 190 621 128 42 55 105 175 899 888 123 770 528 875 443 708 82 517 264 515 842 106 680 795 834 342 899 89 744 754 245 719 456 87 23 917 71 870 374 456 245 601 
139 463 260 81 331 251 193 144 982 901 584 726 114 23 365 607 789 392 451 552 99 474 323 955 18 552 337 752 523 420 420 317 285 957 740 966 890 504 510 517 452 594 824 385 602 107 909 121 152 441 
80 155 41 784 876 44 53 686 35 512 887 508 257 794 950 75 300 232 867 178 488 670 693 809 886 995 205 231 829 9 531 238 699 664 731 211 885 302 656 517 994 590 110 806 78 691 115 702 532 809 
50 903 711 668 781 576 8 352 652 184 27 58 679 912 121 847 944 28 374 430 430 525 761 53 72 390 724 149 862 471 290 996 430 736 500 421 221 902 499 591 170 299 466 224 558 69 752 47 136 727 
480 105 77 905 890 968 847 715 201 581 686 699 126 251 847 502 652 330 97 925 906 713 196 482 592 467 975 689 14 280 554 111 153 363 992 134 989 716 5 465 187 3 302 912 628 876 129 722 347 56 
892 211 966 143 242 606 480 932 217 665 623 585 973 478 6 402 949 127 593 150 764 284 197 144 137 640 365 944 231 755 799 318 525 672 479 216 922 559 957 266 479 516 504 706 947 470 882 954 857 37 
931 956 226 810 394 55 899 285 82 806 154 113 490 162 176 157 823 604 703 85 713 21 222 453 58 68 538 8 211 789 755 58 482 302 733 536 234 88 698 571 863 647 491 854 138 448 370 338 637 380 
231 354 750 837 130 566 972 363 294 849 425 812 257 478 100 744 271 625 532 65 321 500 10 882 208 112 12 663 421 533 167 91 428 889 455 518 398 290 587 276 911 813 169 79 758 431 896 325 842 366 
257 836 692 30 862 96 867 6 375 951 51 726 744 99 771 188 951 518 717 53 592 520 306 438 250 171 294 693 945 284 693 119 126 40 71 783 961 512 255 2 365 65 112 240 112 50 861 203 812 137 
720 248 687 134 685 364 254 314 155 291 172 758 828 7 738 707 822 57 693 806 452 896 239 451 273 577 937 528 507 699 561 662 84 724 486 466 143 576 183 59 989 466 313 745 777 830 925 702 144 565 
324 992 890 472 349 596 869 669 233 412 467 79 147 698 17 719 347 890 934 920 530 112 325 922 46 351 698 897 360 433 306 785 508 132 731 71 54 664 394 393 294 243 814 620 806 371 734 172 56 220 
689 291 20 862 564 816 596 288 816 936 247 214 819 730 635 566 728 863 525 340 394 250 200 344 303 132 322 432 615 161 328 582 823 794 644 562 998 413 246 569 775 693 887 468 707 307 546 668 448 183 
665 960 973 276 830 108 153 475 952 702 749 401 747 567 404 942 676 324 942 94 328 386 770 73 196 381 542 874 905 382 839 484 678 210 199 185 484 536 309 345 224 149 863 787 376 965 811 413 876 865 
