11581845 12970443 10732933 12667606 13086647 10239435 10922884 12376262 11680968 12558344 11120279 12569089 11679320 12893665 14166278 12842874 11743107 12230050 12205729 11910350 11316170 13475659 12408964 11737984 12123712 11129055 11198818 13258225 11966652 11740002 10978668 11695603 13555148 12052808 14162885 11515955 13418312 13155219 11530929 10765377 13693993 10398456 11703785 12274647 12742435 13022769 12983939 12794711 11009111 13240987 
12036413 13105700 10984337 12980744 12729300 9771721 10473834 11868552 10983310 14272391 10222961 10909120 11709490 11805722 13001868 12450829 11139968 12886670 12723237 11365341 10844108 12984140 11620798 12342771 10391341 10491778 10406454 11842918 11213749 11692951 10948629 10640386 13412582 12286037 14349271 11144756 13785841 10803178 9555317 9401418 13969546 10394370 11870108 12804076 11651895 11960984 13370125 11162858 11165965 12247150 
11666242 13457098 10892438 13832625 13092934 10592048 11472275 11992835 11726177 13933055 11282103 12257259 11648863 12994414 14164988 12975350 12440363 13061391 12427019 12029640 12104613 13650641 13078968 12756829 12342471 11869454 11844176 13797542 11996168 12739535 11650946 12063420 13141735 12514698 14427880 12641780 14120753 12600565 11970742 10580831 14220069 10453815 12721769 13879218 12661402 12521096 12745918 11986833 11391175 12845848 
10800843 12092444 10081012 11968762 12561613 10944910 11594985 10341775 10400008 14284475 9600623 11556600 9446545 10839248 12531574 12076862 11609007 11138515 11063840 11840737 11126244 12915353 10442990 11683970 10385680 9442901 9371426 13387488 10262473 10670349 10439196 10194603 10937857 10302964 11820112 11302906 12611141 12137759 8934925 10199445 11392658 9499462 11507392 11736444 11815627 11589236 13035023 10148445 10329868 11041432 
12510585 13390591 10993804 13013025 13820344 11558088 10972060 12812748 12123146 13463129 11548924 11925015 11213244 11896435 14166191 13098564 12503286 13001689 13604741 11732072 11624831 13016314 13207143 13056514 11062720 11381117 10904869 13259286 12309464 10778581 11266011 10771654 12828848 11927535 14736699 10749519 13906939 12147946 10990649 11294739 12935954 10166346 11762337 12960518 12471862 11356929 13784712 11279296 10966261 12752498 
11133747 13162577 10879454 12485558 13054007 9739680 10692182 11524675 11324692 14383494 11240039 10924744 11611881 12104643 12452302 12306786 10651786 13510461 11917152 12413868 10929052 14323990 11333023 12681448 11516548 10878308 10226810 13925312 11694035 11166870 11371072 11243393 11620723 11601871 13033662 11622046 13668451 11953462 10136179 11092529 13000762 9921527 12697749 12133198 12062030 12027082 13202664 10945671 11731929 12138018 
12310909 12864028 11468848 13497160 13202781 10358657 11755697 12287779 10995952 14001305 11204100 13140231 11608123 14368231 15161219 12566694 11705569 14325207 13284569 11942496 12623326 14431485 13697106 14012588 12504872 12265062 10616588 14504033 12869196 12066725 11251071 11332519 12381385 12034197 13793166 11933768 14746223 11855988 11537433 11131377 14588652 11554775 12361391 11651031 13395372 12435545 13371473 12343597 12083040 11857530 
11252539 14391601 10268815 13152136 13919476 10860419 11831256 12305845 11649007 15177906 11603387 12762045 11983407 12806933 13917624 11977677 12044789 14526004 12840796 12437711 12495820 14150184 11831172 14374366 12464366 12424577 10385640 13140275 11727246 11076400 11689711 11876538 13572541 12383960 15259963 12759008 15081212 12192878 10923668 11779242 13827488 10642524 13451952 13518937 12549663 12722432 13334271 11393359 11102137 12081395 
11835106 12808131 10728199 13688435 12700826 10260965 11432133 12172656 12261528 14198896 11273195 12956668 11529911 13674942 14030648 12409223 11658449 13661604 13373002 11526209 12078736 12696217 12555132 12530980 12437789 12251245 10679126 13477935 11540592 12621506 11101972 11307368 13209481 12227873 14803853 12442082 14142226 11269690 11880745 10292960 14274563 11241116 12542171 13177449 13059867 12709976 12942055 11714111 11789733 12502906 
10937623 12421567 9992465 11353676 12817254 9778687 11279555 11934048 10385974 12693812 10943771 11122022 10935395 11886150 12653425 11075826 10990653 10269153 10663476 11816997 11821661 12815141 12439835 10732192 10505513 11217804 8992782 13485645 10107158 10685279 11539646 11740344 11650405 11487467 13189020 10763981 14361633 11003278 9519119 10722054 10474184 8605202 10468575 12509193 10555836 11868360 12223040 9949697 10547994 11530424 
13400546 13864723 11491510 13649810 14195996 11270027 11339921 12534110 11931783 14844427 11295038 12594486 13455812 14209977 14695750 12291089 13561937 13198614 13962947 12673359 13043777 14773206 13963971 12453074 11558329 11974997 11094011 14467355 11946411 13653381 12224474 12431993 13989563 13122309 14420385 13836906 14750088 13086893 11371738 11763754 14120428 11199036 13556198 14060819 14101720 13622824 14425757 12470660 12607641 12924165 
12988074 14190323 11570884 14417268 14852227 10660678 13007323 13064750 11759488 16621931 12011121 12622650 11928076 13164303 14805588 12928892 13034588 13391334 12972299 13003598 13074109 15415224 12561345 13783356 12526093 12265289 11981882 15671032 12778114 12746281 12740767 12752936 13545002 11937459 14561822 12805578 16393621 13590216 11500074 11357812 14622994 10870528 13577302 14462015 12890903 14065783 13699068 13270799 12865609 12626412 
10267486 12635863 9951524 11510942 12278158 9780859 9858995 11206727 9199801 12808532 9544539 11351268 10993924 11065740 12755715 11586962 10407507 11036498 11639961 11948636 10357650 11922714 11289771 10717401 9361886 10490475 9765142 11337122 8910875 10069042 9639973 10330651 11863194 10511617 13301498 10356990 12175089 11205080 9070904 9266608 12196551 8482816 10543737 11401089 11076488 10248939 12612128 9431064 9124030 10855249 
13391857 14231811 12171300 13944691 15601414 12200438 12661001 14070830 12787048 14824031 12188296 12937292 11915862 14411197 15139836 13686718 12838565 14415415 14746275 13707750 13517991 15485282 13929067 13741189 11920668 12787626 12437433 14683857 13301580 12817120 12341841 13038765 15212950 12244061 16231252 12296518 15766664 12970945 11611162 11419668 14284396 10671625 13821601 14277426 14516047 13405183 14605176 12649895 12489697 13569017 
14390866 14727853 13016657 14188412 14437843 12332612 11933759 14717228 11736490 15194394 12685985 13143831 12641786 13888267 15143700 13755353 14184738 14228927 14905766 13861073 13977056 15355141 14137391 14842498 12274810 13015702 11180736 15020170 13492362 12553962 12910598 12088283 14306158 13534669 15849152 11730344 15737301 13454218 11712625 12693889 15281933 12060686 12858435 13989683 14106932 13450531 15972867 13700249 12670345 13736464 
10682992 11159835 10284625 11588087 12689425 9043696 9799105 10349464 9924243 13067899 10063780 10677014 11366741 11973576 13344777 11128814 10448582 10504907 11981073 11003071 10323855 12965146 10976491 10971298 11049171 11014406 9972332 12589489 10368266 9874637 11279942 11233807 11361625 11329528 12563727 10772095 13291359 10703623 9441144 9577514 11707483 9053324 11477959 12111787 11317180 11310295 11731242 10399792 10196196 10936468 
10362518 12200024 9925958 11385963 12020358 8975350 9778424 11346691 9683395 13897302 10520065 10531423 10613741 11775881 11141164 10034518 10704075 10652004 10547826 11384406 10802638 12947767 10905009 11237404 9711806 10301162 8791480 13183855 10526626 10840612 9766182 10822818 12199198 11291362 11925807 11682897 13246596 11273140 9541978 9799857 12114062 9810161 10393789 11515353 10704394 11325914 12834187 11025999 11275520 11296977 
10313672 12716373 10111464 12720748 13089805 9834561 11189047 10851492 10220684 12581843 10050360 11809418 11100516 12474111 13447077 11924601 10249980 12132432 13301290 11978064 9963947 13287229 11818695 11835857 12383817 11387880 9056423 12437438 10521748 10909129 9909213 11120574 11605002 11433307 13145730 11132202 11493877 11780922 10259070 10894643 12946117 9915372 10925632 11376262 11539142 11690048 12538434 9930153 11063989 12904741 
12098074 12993952 9758647 14333534 13303002 9978657 11542637 12416715 12409938 15008077 11541691 11918897 10447140 12721326 13085622 11599866 12448446 14097333 12965209 12045774 12986407 13602607 12365345 13357089 11836076 12397809 10655000 14240599 11597267 11863242 11437490 11237958 13665845 11606455 15242673 12153489 13884846 11425925 10705603 11807756 12952917 10889353 12817133 13405559 12780869 12295993 12357991 11413912 11295233 13743999 
11938347 14302761 11267886 12896761 13399040 11372608 11507899 13139629 12476435 14618623 12079218 12832689 11059062 13426965 14201511 13346100 12063413 13713749 12285763 13215953 12324066 13846568 13521099 13892711 12218843 12295027 10749478 15088739 12689246 11721049 10922356 12574480 13713892 12397648 13414484 12967656 14592879 12927915 11536598 11771912 14066098 11403227 13060401 12524484 13188413 12572881 13869735 12901566 11405494 13958155 
10659034 12561971 11114811 12708938 11683153 9833234 10030433 11292230 9876488 12991604 10330741 10437803 9065383 11728694 12344326 12324912 11053717 11546636 11598968 10502044 10533623 11380460 11307542 11637706 10862930 9224550 9268409 12851018 10741902 11409084 9758568 9708224 11727939 10184187 12585967 11175884 12605059 11745663 10157699 9437279 11735106 9918013 11336111 11891955 10373842 11296349 11904982 11256048 11200119 10528785 
12579579 12955000 9913056 13624237 12324916 10677836 11083465 12670597 11123441 13315516 11943221 11935851 10205729 12339935 14204416 11447056 12151528 12452982 11206570 13047516 12257681 13720577 13016945 12997898 12221099 12212588 9759064 15282730 11077804 11257033 10942553 11476500 13541976 12110659 14276597 12241314 14428042 12859179 10079938 12194336 13452964 10600726 12027914 12722038 12307457 13513125 13103892 12610602 10661711 12675107 
11345786 11904723 9484226 12735899 12536510 9748484 10888709 11935523 10114536 11788194 11159919 11546983 9302850 10586009 12879851 11675102 12212404 11298893 11477491 11460109 11773893 13476291 11827455 12529790 10694358 12156448 10670393 13889588 10659548 11921674 10955153 10304358 11745511 11827777 13889720 10358034 13020989 11555214 9908615 10982062 13640798 10403799 11905268 12220150 12788537 12208940 12947851 11123067 10274158 12115782 
11531237 14334108 11166743 13087726 14502449 10005515 11697046 13046200 12176888 14543757 12303630 12364108 11389747 13247507 15213048 12864340 12804878 12918394 13190376 12030677 12361369 14173338 12960492 12674184 11998423 12087882 11547162 13883227 13274422 12613061 12296454 12392257 13449623 11736869 14814916 12289755 14803515 12437097 11500264 11230276 13811410 10815452 13524269 13866976 12356757 12530747 13561098 11697947 12282167 13230819 
11129079 12905040 10752238 13058332 13040172 10505329 10557040 11323729 11659507 12787055 10025787 10760480 10620569 12404437 11951052 11824055 12358763 12338332 11713900 11370665 11572076 12630714 12122894 11602052 10186791 10853340 10101799 12882538 11248345 11836342 9280173 9742697 12394448 10135874 12404240 11019127 12114878 11922446 10166988 9931532 11734987 9398545 11694387 11339290 12680408 10966301 12843447 10659759 11439741 12817743 
13903563 14148128 11975221 14529978 15554494 12533414 12886706 14468797 12297453 15287315 13708624 13516554 12277803 13698042 16226826 13499300 12739478 14534335 13642470 14002136 12629316 15912797 14309685 14192164 14175647 13404339 12008160 16416449 13321588 12822270 12571646 12310157 15000816 13509880 16337551 13560846 17057545 14164492 12438550 12811420 15712466 10461633 13955154 14279949 13782473 13902455 14892931 14535942 13906806 14461813 
12501374 13931055 11602142 13540199 15153957 12027377 11363237 13527200 11942861 15290563 12147418 12892518 11602211 13193685 13774526 12505434 13276459 13180589 13348802 13023823 13080782 15608838 14438774 14832109 12384415 13283689 11593543 15145226 12368036 13471925 11800031 12421669 13945847 12877272 14661107 13273480 16244540 12733049 11130461 11449033 13906040 10198052 12468629 14019434 13823565 12512016 14744840 12328364 12277585 14430202 
11708218 11217620 9312369 11791355 11551919 9608459 9832004 11806153 10063099 13483650 10361963 11360578 9570623 11150350 11468641 9726321 11585602 12855660 11454836 9347733 11158267 12474752 11534127 12898333 11270789 10706322 8731256 13312575 11665875 10522137 9346507 9835749 12014332 10514302 12808856 11368411 13700209 11107856 10429310 10702741 13035324 9817318 11030862 10313544 11341953 10810986 12446360 12164118 11325320 11078198 
11895814 13251250 10002219 13143982 13569604 10398579 12755030 12236474 11241556 14194117 12825084 12030788 11056057 12604528 14551644 12401957 11247093 13603624 12103825 13723914 12162492 14573178 11995066 13352746 13060352 12062718 11446363 14705392 10470288 11272639 11845739 12657480 13078393 12377276 14891556 12739210 14813208 12783382 10881102 12413752 13221561 9710873 13169352 13643576 12141818 12863393 12191846 11660719 11863200 12579951 
11197765 12419658 10910877 11261087 10846644 9533384 9758048 11233469 10864783 11350978 9969187 10585697 10396992 11411567 10781798 10732518 11580354 12212751 11358163 11637155 10481001 12089935 11860093 11083466 9635154 10507206 10251878 12328349 10852986 11809662 10076240 9822006 11165576 10425112 13113360 9828028 11233510 11997821 10219752 10136113 11855475 8568953 11172532 11479903 11846156 10524462 12391148 10336956 10425796 11970901 
12291156 14002057 11495530 13597276 13820303 11685034 11513598 12900045 11496154 15194156 11940381 13278507 12451542 12871210 13454069 12897639 12726021 13970495 11900159 13245555 12761133 14837900 12219148 14034911 12534337 12193031 11642925 14633342 12221410 11840981 11423412 11988236 13311523 12698971 14314596 12384596 15378000 13144306 10454576 10931043 15012683 10254444 12906512 13097163 13525731 12953488 14333866 12588803 11905737 13115930 
10713930 13413941 9678911 12530621 13687457 9446449 10531431 11530903 10362146 13420465 10686950 11008710 10812010 11490428 13739414 11973687 10849779 12066176 11635746 11693591 10995083 12505104 12420468 11750001 10477834 10951448 9285270 11387698 9840442 10268933 10033140 10007294 12413662 11090370 13537150 11113737 13486382 11136710 9483889 10820625 12590822 9416812 11385467 12862086 9991490 11002950 12282403 9278917 10043045 11730972 
10933030 12646192 9686300 11673867 12111147 9098158 11027026 10873647 10006206 12396294 9953185 12458810 10586913 10788290 13648990 11322278 11079951 11488233 11734738 11367085 11290673 11968713 11969364 11331019 10402951 11214033 9280233 12802302 9571544 11138191 10437447 9983186 10591017 10180670 12862783 11069234 12289692 10658111 9830737 10104278 12747759 9337801 10881327 11972490 11310160 11152732 12130520 9005594 9466289 11480688 
11266842 14468361 11465743 13317162 13372962 10774651 10975270 12065406 12055492 13420502 11602820 12585355 11215225 12369695 12255565 12566714 13389262 13731124 12705514 12179977 12642535 14260436 12638298 12426628 11356527 12762569 11175099 13754546 12126934 12096551 10297685 10487792 11876051 11184751 14446972 11910719 13209915 12697304 10648571 10713536 12427475 9661555 12266224 12030007 12425271 11836615 13271597 10642560 12070755 12691384 
10643321 12471405 9876974 13112005 12950853 11321814 11806079 12599889 10813463 13347850 12479361 12499344 9187029 12082895 14891804 13018896 11064872 12148345 10728644 12593213 12132500 13806449 12371851 13428666 12520572 12745370 11354023 14140698 10467730 10633144 10303802 11725763 12658039 12672184 13758387 12495264 13694626 12405538 11127648 11585600 13575936 10267687 13451612 12526245 12289916 12295222 11441065 12227875 10594303 12696745 
11376322 13514479 10400398 13778183 13630944 10494058 11990463 12305542 11246318 12682837 10520110 12432972 11287961 13656226 13656354 13243929 12836885 13236114 12361566 13051241 12508658 13160314 12679161 12096279 10902433 10892508 11606081 13077246 10960549 12742564 10764214 11843019 13764080 12480121 14620988 11481996 12964418 13216743 11213826 11515717 13739160 10470351 12859122 13005823 13234427 12861792 13757964 11777985 10730326 12828282 
11025205 11673568 9309059 12944324 13030160 10101726 11250640 12013953 10428653 12090197 11651804 10962232 9171435 11566529 14011932 11471209 10327240 10945283 11412814 10253445 11490515 12024321 12411489 10948109 10919396 11534884 10650434 13214345 10252175 10089459 10061407 9977668 12349274 10300390 13056579 10588766 14424391 10172562 10025699 9971981 12088437 9229215 11372642 11558806 11154913 11016811 10676872 11140528 10915250 11560920 
12475737 15096039 11581966 13732311 14506723 11885011 12388234 13572683 13396929 13711229 12909467 12710912 11091292 13057834 14546842 13827745 13444170 14351852 13508532 13031132 12536951 14842948 13169530 13594138 12531528 12382076 11494872 15242487 13137812 13123837 12520810 13000275 13638280 12971635 15727044 12926851 14661540 13639122 11538066 13402936 14163768 11394873 14388737 13371665 13616305 12676669 14189132 11916961 12538489 14443258 
10837325 12744467 9894513 12254039 12227572 9831467 10378762 11333715 10274661 12157021 10126528 10087560 9719619 11322921 12480966 11611512 9889710 10756855 11499654 10607630 10311888 11311526 12257098 11188662 10597366 10070194 9322018 11936296 9252191 11169662 10485020 10602639 12874322 11295749 12820603 10982997 12828484 10261439 9691033 10204620 11937908 9158024 11111847 12525851 10649989 10618988 11258452 9681622 9965000 12750060 
10967787 12315796 9748367 11228715 12359279 9191013 10083933 11674365 10343955 13512677 10982909 10550157 9929004 11707248 11608750 10481431 11032327 12470817 10449629 11145165 11093507 12596349 11198990 12904273 12081688 10905921 9051770 13003794 11759988 9924464 10488533 10316915 12577578 10295090 12938357 10674436 13988494 11559561 10263583 10722317 11917355 8918378 10524856 11584667 10118970 11036653 12171374 11587543 11272553 12260086 
11561634 14625584 11451373 14732862 13799972 10632316 12388285 12367807 11995184 15304560 11585663 12091504 11433873 13061850 14318412 13808943 12674879 14061088 12589779 13691333 12323812 13972251 13185223 13589722 11323933 11863720 11571351 13763667 11488486 12823674 11163457 11785569 13123466 12371632 14982902 12854035 14357781 13719419 12005474 11071479 13936149 10466635 13112403 13906472 11910082 12529764 13286165 11578298 12064539 12745086 
12879572 14081417 11198637 14164314 15090392 12184896 11741566 12225164 12838235 14388017 11642613 11464912 11305740 12060337 14269861 13464467 13251032 13445377 13173848 13087775 12327726 14336606 12936098 13734478 11048810 11891486 11690589 15013805 12440219 11863205 10807448 11915021 13049786 12138563 14832940 12115998 14569577 13252405 10088222 11600052 13037829 10856463 13182164 13074904 13731311 12073553 14558592 11266998 11408989 12672176 
12867401 14851186 11903936 15333486 14003134 11082023 11545604 12818569 12318586 15865222 12483954 12017825 11957800 14001671 13933407 14196211 11819851 14701693 13728385 13989539 12145838 14055101 13317842 13989432 12329750 11458922 11527341 14728695 11691671 12169365 10994042 12603489 15012351 13520403 15034977 13366117 14027527 12958833 11767157 11288147 14464512 11119310 13692489 14882335 12838376 12933468 13829194 11923935 12206908 13852716 
10174492 10634746 9237502 9917373 10229474 7991086 8595481 9087586 7595997 10837235 8381154 9181898 10007494 9633346 10408504 8869887 10159171 7882555 9953899 8581997 10103771 10552308 10181455 9981734 8509699 10105189 8873898 9992018 9099718 8724551 9495620 9000735 10207336 9783827 11184637 8757496 11398816 8666911 8414782 7928792 10502668 8001569 8886823 9866787 9541149 9676275 10583917 9580242 8679905 9416042 
13435842 15944488 13450451 15286590 14554731 11238723 13205189 14026118 12504670 15323610 13307914 13567227 12338374 15196374 15462978 14946449 13625483 13309763 13810541 14316717 13540852 16199475 14289670 14855719 13071347 14356884 12936980 15459735 13246963 13259017 12362921 13259232 14819311 12781911 15750355 12441558 15103934 13769281 12424557 12230579 14950550 12408899 13043032 13695821 14364832 15070068 15093821 13653414 12421218 15166938 
10859638 13264692 9512378 12304737 12549333 9573262 10665207 12164984 11286087 13077694 11368617 10849193 10144633 11904746 12562609 11539143 11312400 11660688 9945342 11392726 11512915 13039235 11643762 11771949 11570855 10632872 10643995 12842924 11669825 10963217 10347680 11783857 12342855 10741615 13134952 11038710 12678896 11987931 11027593 11041221 12056529 9655305 10824687 11852108 10974379 11937368 11888802 11539193 10866965 13129811 
12875298 13571703 11619307 13369634 13461107 10730943 11275784 13058297 10833849 14238187 11418232 12216566 11654758 12621447 12572568 12805111 12709466 12572638 13619363 12196802 12893166 14277588 12863903 13983821 12422322 13062705 11482757 14969843 11638918 12960579 11953775 12486659 12859361 12345167 14343103 11097291 13104802 12685722 10869451 11304380 13643474 11444268 12535169 13500868 13788119 14037796 14197269 12207574 11249904 13717438 
11911482 14034437 10271329 14451851 13764296 10120883 11920559 12499912 11646601 13675728 12106749 12180318 10593235 12452264 13768357 11671499 12620479 13295656 12295621 12374259 12783422 14638897 13571635 13803148 11187458 12479548 11600128 14560380 11655014 13131747 11682437 11102102 13892264 11484038 14765807 12408435 14448101 12259027 10731717 10992997 14186763 10762725 11960366 13485784 13160017 12781970 13029925 11184544 11517478 13867799 
10533615 10558226 9337714 12031438 11556920 9846879 10150264 10499374 9991711 13024008 10756237 10981055 10208206 12125769 12210617 10587695 10042443 11433048 11148769 10947269 10711685 13269270 10824221 11694160 11860573 11289915 8441260 13083198 10375774 10526258 10360692 10485073 11331130 11096836 12945787 11360070 13069160 10569936 10028898 10281782 11792584 9678871 11027450 10970387 11991282 11867644 11956839 10848245 11195423 10879158 
13050886 14310104 11823248 14291280 14844912 11296216 11845836 12845880 11978185 14929558 11182152 12368770 12813400 14175011 15166712 13544110 12880210 13555235 13508567 13368877 13051462 13526123 14641429 13682518 12471137 11765656 11432843 14384982 12840834 12462723 11647337 11896077 13722265 13220766 14748763 11909628 15711161 13380702 12063863 11750913 13432088 11465216 12680199 13820915 12599798 12822752 14974327 13142493 11905809 12683552 
