703 140 137 110 10 746 963 256 281 928 328 602 150 461 679 988 50 957 57 482 386 564 210 485 250 901 388 142 570 612 416 48 59 189 594 195 636 547 986 575 647 155 408 356 127 788 575 554 75 542 864 396 652 572 669 414 740 608 997 963 321 860 395 880 121 27 812 861 329 413 603 114 82 745 156 655 133 245 894 502 151 636 500 496 956 700 226 601 218 940 902 506 752 537 951 423 144 932 673 75 
685 442 507 102 788 966 869 311 815 810 849 296 673 478 82 215 583 418 113 65 406 541 437 772 299 802 111 880 290 952 241 712 842 35 521 808 819 371 729 967 414 12 513 992 17 28 961 652 542 228 28 484 46 396 292 894 437 3 714 827 619 183 436 73 686 467 198 40 672 58 583 909 987 14 710 726 521 999 498 7 30 186 934 5 748 499 639 597 768 699 278 415 287 513 659 322 814 557 132 704 
467 494 615 95 563 721 30 570 264 332 936 502 98 679 235 670 694 77 425 24 523 848 265 369 32 426 954 780 288 172 489 925 165 185 306 808 958 662 913 771 26 371 107 943 706 200 143 405 855 260 188 600 739 218 128 633 919 882 780 570 572 358 339 480 653 966 159 294 273 8 642 653 344 218 838 294 485 603 891 260 721 498 283 311 59 66 49 773 560 799 701 748 662 809 136 951 831 314 897 695 
956 708 83 514 857 593 59 311 944 703 385 279 777 471 381 594 285 213 32 246 613 790 939 898 617 985 532 260 82 540 226 424 734 218 799 25 704 912 809 815 389 584 81 311 970 743 853 296 990 31 502 91 300 288 667 930 511 887 447 511 331 262 352 230 513 312 62 641 934 533 193 217 972 253 560 76 419 977 437 708 313 369 367 767 248 343 344 967 923 835 947 587 956 164 159 540 333 667 6 385 
536 627 924 231 726 691 337 56 215 765 886 174 559 522 245 612 692 798 264 33 635 710 814 4 898 271 189 498 905 767 776 618 276 960 55 953 654 171 607 541 279 407 296 100 287 984 600 335 120 36 922 417 292 488 438 990 339 786 783 500 176 580 973 513 652 159 728 109 401 753 318 717 189 353 53 394 493 439 11 951 179 899 945 168 593 793 56 626 958 62 880 199 476 146 835 730 641 661 232 172 
917 75 823 983 90 324 888 538 306 788 314 526 342 129 851 20 606 231 491 610 576 411 298 130 927 91 564 202 490 160 404 920 848 337 817 418 826 612 672 199 140 147 384 206 874 869 254 496 360 160 200 867 643 713 378 975 659 744 341 7 808 634 492 865 122 703 324 388 473 857 567 942 904 755 305 972 387 334 330 839 858 717 393 96 209 387 986 593 180 533 653 565 70 220 408 117 250 752 658 600 
795 600 616 808 35 361 564 284 617 450 878 114 186 179 909 329 507 893 336 597 617 412 507 324 416 902 610 800 412 857 696 44 392 320 735 62 384 177 554 465 153 123 563 772 990 797 623 709 691 208 532 134 18 896 277 384 527 268 544 526 65 176 81 340 304 597 68 193 185 114 711 213 54 136 57 193 310 727 133 490 999 935 317 48 936 25 842 102 981 875 424 50 538 304 893 241 717 757 138 197 
131 306 528 734 556 773 376 884 942 780 82 161 558 595 460 527 20 592 540 512 952 415 846 938 398 674 986 27 381 821 762 199 652 361 551 768 691 867 49 519 226 664 197 595 591 76 587 528 758 642 322 363 19 621 612 681 633 185 750 173 654 396 596 421 202 160 85 301 668 454 716 785 177 264 727 388 262 396 473 993 70 633 665 848 934 530 569 907 637 663 229 63 197 504 472 262 598 950 317 518 
951 609 941 819 563 660 364 382 536 471 614 302 422 823 351 820 613 962 588 848 922 758 395 997 674 752 59 344 939 905 188 343 647 598 975 501 754 638 733 636 850 938 984 756 88 692 327 376 253 223 951 227 630 36 601 885 359 376 980 177 426 744 280 839 430 312 981 887 273 300 870 636 323 362 561 283 695 797 923 687 511 426 552 139 218 64 171 152 996 236 263 869 664 799 688 997 568 712 981 732 
208 217 722 866 782 14 551 366 315 629 446 497 721 530 890 242 409 859 723 187 325 577 438 192 211 603 161 633 902 375 561 881 273 629 106 552 42 90 409 288 865 160 656 347 939 614 17 763 979 709 176 861 347 826 987 795 137 522 886 737 797 355 220 999 934 21 101 489 356 583 364 427 288 735 256 54 291 525 8 664 911 58 971 469 326 572 957 781 650 805 973 67 37 929 215 624 700 936 808 573 
900 236 57 923 438 586 501 252 725 518 938 836 774 735 6 620 526 317 92 242 344 901 65 32 254 217 735 789 934 197 27 183 858 576 605 928 856 21 802 874 684 286 731 180 489 442 181 889 553 52 885 597 881 835 49 625 804 509 647 94 804 467 838 403 221 524 440 448 332 601 801 9 395 194 353 514 687 179 5 732 748 739 926 317 907 133 470 481 786 234 201 579 237 298 180 670 784 888 297 539 
164 924 852 413 125 88 222 688 896 856 586 367 283 492 734 663 311 404 907 680 398 31 286 686 602 199 140 820 742 491 510 103 965 582 465 126 110 863 517 706 563 45 647 262 121 721 640 996 56 460 823 9 598 828 469 657 114 611 742 587 512 282 522 343 593 36 888 945 195 468 384 807 938 96 38 891 470 582 238 717 18 531 933 648 662 534 552 112 162 183 949 45 156 674 17 906 310 817 355 290 
866 687 677 269 874 586 991 826 702 62 838 187 828 365 637 766 947 161 248 33 520 297 236 664 912 709 951 725 87 999 887 596 829 11 874 305 117 582 828 721 581 477 234 289 507 203 744 703 67 816 676 180 960 804 259 586 530 399 727 123 866 975 340 542 844 151 855 940 40 41 307 406 739 417 384 651 440 944 375 783 728 626 206 911 911 554 338 683 374 554 104 603 647 418 10 89 582 444 591 329 
727 734 893 490 270 881 423 246 255 816 416 23 111 703 111 399 124 188 795 67 209 343 630 569 38 240 168 812 294 744 87 701 598 105 952 804 521 776 336 976 399 880 978 922 838 797 758 278 803 641 872 379 276 747 133 838 315 591 914 65 570 34 431 546 381 292 680 158 71 203 730 246 747 295 149 757 743 57 177 352 705 859 571 452 423 819 557 856 189 308 141 912 262 196 573 411 377 368 2 400 
505 371 926 436 199 440 834 471 509 320 605 798 667 495 66 165 575 753 820 667 595 317 806 774 108 803 375 400 306 629 883 159 841 604 375 496 149 581 956 830 895 488 822 525 228 154 691 363 839 966 860 826 38 768 643 198 62 758 154 313 366 26 2 553 605 7 826 197 26 110 755 614 184 910 107 374 91 293 818 770 488 738 407 568 20 921 784 4 372 791 958 493 852 676 677 741 510 560 427 178 
108 206 547 276 937 829 165 897 955 204 24 25 942 542 685 235 997 174 705 218 555 254 172 527 816 683 983 439 968 308 303 982 29 168 351 940 157 798 190 460 248 113 938 73 530 654 987 121 639 719 405 397 221 562 330 164 493 360 598 668 14 22 666 57 556 603 644 161 89 233 396 533 342 421 462 179 431 328 9 108 478 316 454 791 704 654 90 73 209 909 413 773 599 164 8 557 416 592 383 923 
460 348 556 542 841 720 622 236 824 77 987 899 960 890 390 224 321 612 574 939 509 468 569 898 707 825 470 889 725 220 335 102 245 710 829 353 366 470 8 747 650 763 189 197 644 828 786 493 635 704 667 320 549 352 315 934 929 214 819 937 361 937 899 38 405 454 824 885 762 962 372 366 232 830 189 217 975 163 245 334 467 812 765 208 323 683 861 397 911 352 246 884 643 635 329 255 799 868 134 129 
97 879 724 360 588 860 408 474 292 960 138 207 467 286 795 538 400 902 784 670 162 230 725 74 6 334 411 968 110 388 212 955 45 616 603 497 2 492 247 839 113 641 185 691 23 530 521 27 125 841 930 790 705 370 940 337 175 770 463 686 24 643 362 479 290 723 348 689 604 726 296 989 574 371 775 918 933 160 736 69 844 346 249 681 663 166 141 890 734 943 905 650 734 805 281 759 752 590 320 26 
810 64 856 855 994 440 234 961 183 753 788 149 453 882 869 341 209 477 220 315 315 322 607 714 211 428 251 837 275 610 123 322 855 222 846 383 190 213 829 788 32 627 404 547 838 828 63 442 111 560 412 808 182 959 999 50 453 554 860 31 468 818 689 126 236 126 884 419 965 798 571 10 748 328 614 930 225 828 167 241 504 107 608 611 574 20 845 7 808 0 401 663 348 603 669 927 189 275 18 24 
324 291 788 557 892 642 152 104 963 874 530 528 154 488 344 657 27 272 963 589 101 638 831 721 921 628 268 301 779 580 549 654 76 171 157 275 31 255 179 120 888 180 725 893 393 776 50 247 101 651 417 662 149 410 303 126 589 622 349 739 147 633 576 193 269 308 20 648 471 194 421 78 539 257 498 839 717 384 777 486 991 972 860 609 921 7 251 734 731 168 472 519 202 72 484 42 561 542 257 370 
174 385 664 324 483 61 607 478 551 897 816 826 666 376 429 683 677 125 739 723 120 109 246 446 64 693 275 57 97 979 736 309 804 997 470 207 608 537 683 763 319 616 278 748 802 83 982 586 671 95 110 247 171 835 958 17 246 232 956 670 541 493 652 834 279 261 547 768 575 197 424 664 691 750 780 279 704 428 659 648 542 286 702 208 333 887 948 184 928 251 548 164 654 204 31 87 173 373 620 270 
187 391 660 765 577 639 724 384 757 900 393 173 739 705 400 390 465 51 129 13 958 654 509 335 118 573 433 965 467 795 481 244 178 136 247 11 424 463 988 813 641 301 709 362 733 408 79 870 648 61 514 39 829 505 851 295 618 998 875 605 677 241 471 147 687 740 290 647 52 897 117 105 538 276 413 741 699 66 892 404 976 217 592 38 681 944 379 57 32 300 673 885 278 916 811 144 855 446 32 412 
711 225 643 945 741 874 449 30 593 878 575 159 47 46 213 64 302 636 405 381 819 912 928 538 995 430 444 969 363 153 77 786 657 958 475 631 294 468 994 361 974 727 606 883 412 276 49 365 110 842 83 733 102 153 782 449 355 897 255 524 752 302 958 621 18 400 235 965 714 355 543 622 865 600 568 10 342 555 825 676 482 483 796 259 731 62 579 416 665 114 511 374 808 826 632 216 2 620 493 155 
776 382 103 723 616 731 938 399 169 53 566 382 766 969 766 195 789 785 13 307 599 102 144 657 482 913 522 309 386 535 705 432 425 596 607 783 600 503 640 995 38 725 899 638 302 908 835 844 730 343 291 200 279 703 305 838 342 184 825 146 861 95 639 845 921 512 256 802 69 529 965 250 831 752 19 931 503 17 647 21 412 393 104 111 456 565 731 916 352 870 563 860 687 457 924 864 464 7 99 41 
804 782 77 994 147 709 142 247 35 415 939 790 649 976 746 669 973 520 950 343 580 842 717 449 385 293 264 442 261 60 23 617 384 555 478 127 640 228 696 941 709 542 262 794 999 620 186 847 949 836 533 644 761 958 236 715 840 328 796 574 296 752 664 946 70 803 69 854 660 451 415 218 151 623 623 502 67 362 382 425 902 101 388 733 595 892 135 430 133 398 687 32 692 5 409 63 529 988 610 642 
215 826 609 305 252 930 445 479 48 288 77 795 269 975 243 905 88 905 294 611 21 742 696 726 2 88 65 806 322 626 391 582 370 674 130 633 633 319 0 0 931 940 181 936 130 647 474 321 121 798 486 616 240 621 594 168 890 764 664 858 995 295 978 194 111 157 74 257 862 952 976 655 479 528 219 389 682 4 21 121 309 393 355 468 820 833 64 837 974 868 722 118 654 347 938 756 673 81 164 221 
137 679 719 246 583 908 971 873 10 968 243 989 116 75 939 658 228 641 596 480 485 116 200 215 777 801 13 203 634 628 38 297 409 497 894 568 790 457 82 499 679 555 447 589 951 964 95 979 997 625 638 972 596 847 857 820 492 534 360 914 829 108 433 601 748 598 913 712 264 781 854 164 318 903 307 934 3 392 689 605 574 907 717 209 329 528 433 880 41 760 118 445 876 996 470 770 118 725 949 127 
774 133 519 751 5 629 780 143 307 562 500 428 556 332 618 12 501 745 497 906 132 47 782 365 2 435 210 550 160 659 617 397 45 355 508 467 897 337 203 133 133 231 159 341 657 28 819 902 262 696 628 947 857 103 453 852 531 246 21 948 906 952 398 400 483 78 109 25 836 574 448 876 830 89 678 746 466 666 73 762 43 439 787 177 187 42 738 646 128 329 679 103 698 351 217 555 278 983 187 93 
421 552 375 272 354 976 140 713 987 710 54 221 506 175 902 583 978 201 753 98 294 53 267 879 855 280 754 891 990 371 221 87 435 719 380 744 867 416 11 532 894 307 677 544 706 912 630 568 997 596 936 847 203 423 633 573 31 73 105 301 719 85 470 856 93 119 21 878 392 289 103 463 653 629 525 540 593 314 305 8 174 106 358 287 462 731 537 545 872 89 995 277 410 431 158 75 107 479 887 475 
195 136 192 947 558 181 420 64 214 123 514 570 229 497 868 367 564 894 225 356 81 708 189 520 595 33 23 958 464 752 780 861 871 273 290 127 988 912 729 245 274 145 205 507 471 83 444 811 564 541 667 66 826 12 977 683 266 94 885 474 905 676 77 329 750 984 301 169 947 596 48 104 28 43 301 189 595 693 289 210 685 840 532 101 872 355 712 316 554 264 806 508 84 966 193 316 297 813 533 658 
24 364 6 27 816 914 43 792 239 486 592 852 225 603 820 945 194 900 864 204 824 903 494 159 898 185 844 720 760 274 81 111 981 581 186 368 296 933 322 485 153 38 338 43 98 973 492 441 75 890 712 155 60 52 714 854 615 562 298 383 291 399 696 755 364 364 137 407 751 247 292 503 947 733 116 602 374 102 287 504 949 827 801 525 492 669 397 549 106 787 126 665 497 981 809 76 400 65 764 653 
424 109 224 53 246 869 310 329 734 64 111 878 551 79 110 287 822 44 776 851 69 412 281 954 117 562 748 655 982 331 560 804 378 683 677 232 759 632 724 132 898 809 852 4 691 217 641 171 679 56 976 879 138 534 328 23 271 787 94 69 674 423 38 892 189 583 656 921 383 19 740 489 64 515 330 246 883 758 346 864 580 371 661 454 928 60 151 315 438 75 188 909 635 94 450 546 639 48 385 646 
640 700 784 465 172 76 560 465 822 935 808 598 433 346 497 468 677 128 403 503 382 470 674 33 756 900 215 269 109 667 557 57 846 364 21 293 920 56 975 124 167 538 598 355 21 481 840 54 117 828 343 547 795 719 317 531 194 551 878 85 603 242 802 980 427 525 327 782 322 908 908 956 169 103 99 838 53 470 727 271 837 831 459 773 648 526 893 788 139 163 258 447 625 304 705 76 132 612 690 509 
214 261 608 630 473 160 106 717 683 869 932 945 803 828 549 921 800 218 146 775 352 289 418 110 603 571 6 689 96 590 265 842 760 119 645 33 20 365 513 60 724 496 867 505 874 206 874 647 61 294 730 958 153 818 991 25 567 445 895 761 168 649 543 169 825 642 387 685 891 803 304 222 236 863 389 241 889 300 215 90 828 53 284 259 106 915 114 184 100 743 575 213 698 663 958 599 729 770 79 172 
249 318 705 875 493 937 401 686 992 774 613 179 637 542 143 755 676 784 504 48 165 852 541 940 342 703 903 879 864 42 742 861 740 838 390 732 497 606 653 745 937 349 931 467 67 515 723 559 254 59 776 792 791 401 830 502 835 167 135 452 718 841 852 36 895 180 952 439 871 709 307 322 331 541 372 177 722 361 310 656 951 509 453 516 571 388 508 578 564 144 88 911 902 126 182 796 595 632 426 217 
175 499 156 272 895 294 473 456 427 347 829 455 645 789 251 653 382 816 798 322 324 302 379 951 253 988 68 808 29 471 24 19 687 955 594 186 574 715 710 763 376 817 423 579 316 965 173 501 145 389 169 926 921 700 881 945 453 314 723 333 132 429 553 413 481 184 495 264 773 930 575 829 650 585 311 740 450 111 741 413 659 104 33 855 253 789 529 506 90 739 871 917 767 667 878 563 812 329 751 907 
119 69 414 344 86 766 507 427 657 279 116 941 55 619 396 297 468 52 21 600 473 841 339 238 266 227 692 431 47 418 63 495 381 358 65 262 759 784 630 229 145 888 842 151 622 294 284 942 341 683 493 637 68 353 453 872 290 372 273 783 14 629 360 359 402 958 579 217 181 844 867 718 537 405 208 786 223 877 759 653 555 723 468 598 668 964 687 752 455 1 433 511 713 377 434 462 618 779 310 688 
796 389 707 779 903 630 406 633 820 363 123 66 11 444 572 593 364 87 833 672 173 679 88 955 284 6 93 842 145 690 795 446 798 304 87 500 252 916 204 729 964 598 604 355 144 788 212 492 901 125 620 139 680 914 619 63 251 47 570 514 651 76 711 979 305 382 676 120 974 363 647 564 261 553 877 12 794 131 946 14 297 669 186 86 263 690 46 497 672 819 857 499 632 630 263 291 899 68 560 313 
278 456 541 267 653 818 409 597 762 90 807 422 129 597 84 207 802 33 334 647 939 153 9 552 947 48 593 713 914 604 656 795 618 303 454 658 890 801 579 537 355 278 237 554 951 963 685 81 941 776 687 230 994 940 11 634 95 384 280 855 736 272 940 732 144 916 774 935 87 201 560 924 954 605 271 277 147 607 909 590 737 254 699 339 33 45 186 385 633 277 272 854 489 457 522 903 220 553 737 676 
790 120 129 9 699 523 525 721 854 461 43 743 847 991 604 21 375 3 585 424 64 623 288 208 292 305 201 970 758 789 261 701 124 250 507 814 504 187 329 885 513 972 702 350 71 260 917 189 22 808 443 912 649 180 587 378 557 607 214 665 122 821 153 62 265 79 122 87 172 578 363 747 969 166 155 3 947 905 748 320 592 277 190 253 420 383 480 277 172 888 77 598 198 161 607 50 708 323 167 283 
137 207 911 847 678 722 480 242 323 793 211 568 278 455 753 701 840 782 82 617 135 987 848 627 907 167 489 351 723 540 740 529 795 240 120 896 53 880 639 966 84 589 736 547 916 444 282 683 495 465 646 912 74 614 396 198 935 735 450 547 302 577 627 472 798 936 693 120 630 535 314 923 587 463 91 773 327 391 131 164 419 407 466 769 682 780 767 573 436 624 163 95 618 345 987 122 443 307 422 506 
149 23 307 539 901 3 254 616 166 805 836 463 106 246 512 868 680 70 588 313 987 339 692 13 644 642 765 912 759 334 190 189 79 431 725 411 645 731 868 458 7 477 326 576 943 855 31 243 348 193 47 668 184 979 648 27 179 422 38 934 511 172 341 627 674 103 742 322 902 357 774 239 628 670 285 543 325 987 986 166 58 961 857 436 990 112 234 886 618 284 562 296 34 174 634 827 996 908 681 75 
945 18 772 162 602 866 323 260 328 750 513 629 217 844 33 652 411 740 796 856 922 897 915 195 162 62 315 214 834 77 473 898 892 380 257 236 378 549 782 751 108 668 122 734 655 604 111 521 489 234 884 856 455 84 127 336 560 975 936 782 985 437 245 92 90 49 867 346 28 277 944 293 715 888 660 404 708 411 543 142 689 707 86 591 493 647 624 696 403 741 344 743 891 541 597 911 192 166 104 743 
301 330 372 236 330 712 942 336 528 762 283 90 870 61 0 694 973 3 470 79 439 600 817 273 911 859 490 820 769 57 928 291 401 938 173 144 10 85 490 372 89 388 979 785 56 594 58 432 917 589 254 173 631 621 809 81 733 395 662 563 49 814 336 749 369 81 281 537 111 676 453 126 187 927 647 218 326 38 859 45 411 367 745 465 306 115 845 0 54 321 654 218 628 298 757 335 33 219 489 119 
777 584 249 120 115 196 841 473 797 958 641 280 356 571 147 266 859 92 787 381 254 811 830 198 210 545 952 241 423 786 388 955 55 963 671 736 381 600 614 287 228 417 724 122 744 813 32 908 20 355 534 697 827 60 671 971 986 797 373 618 587 639 434 991 996 316 378 318 962 961 581 404 196 460 775 298 172 567 279 307 263 387 570 617 101 909 66 664 197 375 358 553 581 78 204 287 450 640 369 996 
573 342 905 974 84 264 661 310 134 579 232 888 862 124 766 611 136 919 759 265 779 674 385 890 698 716 743 804 119 993 791 488 6 92 922 890 578 168 529 552 855 898 65 464 797 461 872 966 692 515 122 238 640 500 506 433 285 864 786 787 378 38 884 214 31 963 386 155 729 400 908 866 452 333 43 69 427 305 575 994 850 784 32 446 650 175 57 38 154 203 967 899 206 592 636 507 525 743 712 197 
875 295 461 829 854 543 887 100 673 588 108 859 801 718 981 535 896 781 61 946 948 120 695 882 10 146 202 754 725 923 284 702 206 446 754 68 815 78 984 828 146 931 363 42 641 187 853 876 592 741 172 496 236 133 359 39 422 366 349 466 816 622 491 811 614 795 466 185 164 969 536 294 55 944 305 716 759 723 377 692 452 787 331 352 102 739 476 123 877 797 61 577 185 478 704 895 888 773 412 754 
489 884 564 520 399 909 385 675 99 107 799 100 431 649 283 315 378 765 756 517 364 463 445 766 924 650 586 889 964 19 101 976 970 809 198 339 103 374 444 264 988 434 452 499 951 88 487 735 538 154 778 657 102 831 764 867 175 989 414 297 673 814 874 569 749 217 692 507 277 948 536 94 791 616 444 928 913 80 832 556 729 947 474 985 864 468 879 139 411 63 777 129 46 814 169 64 351 947 26 914 
799 9 621 123 398 837 176 583 566 348 736 446 941 99 644 656 149 949 455 491 755 179 851 296 76 820 36 797 452 754 116 547 687 355 388 656 296 568 845 962 403 978 79 716 735 341 940 681 260 483 122 934 372 189 343 860 53 753 701 333 789 504 777 325 493 902 384 794 402 408 980 185 487 631 720 182 245 276 682 53 504 372 788 418 500 269 719 576 537 430 595 474 207 808 707 38 957 530 256 470 
598 809 646 207 754 364 653 396 143 319 386 744 981 179 85 264 680 22 652 330 946 32 728 459 486 933 160 255 483 675 391 953 628 340 676 266 536 884 139 301 906 579 729 226 301 204 947 856 583 143 502 321 703 86 924 619 796 990 472 669 918 826 466 132 63 300 960 284 976 279 888 943 443 779 275 188 450 577 12 116 634 707 996 923 952 198 125 119 738 450 465 767 528 186 399 299 236 871 728 715 
816 478 114 738 679 29 183 685 270 809 422 682 707 871 971 542 371 14 558 116 150 687 472 744 53 448 467 937 739 879 756 753 794 912 984 57 545 670 81 406 653 119 329 184 823 442 527 729 15 470 846 748 395 843 147 910 140 852 14 427 404 565 25 331 144 968 289 359 643 355 54 653 929 976 646 794 848 349 814 32 971 933 270 74 536 955 290 30 621 261 572 125 141 172 949 816 512 401 394 969 
613 129 108 458 807 679 808 431 217 113 995 774 208 120 818 497 515 504 622 329 167 994 603 417 113 559 825 61 410 416 831 682 881 954 701 647 40 169 39 884 319 530 33 465 740 641 977 149 27 693 887 859 342 38 667 599 630 78 152 968 47 997 788 229 268 443 998 531 283 961 303 135 964 988 156 467 709 80 928 904 342 253 767 124 614 717 459 774 779 743 383 808 163 944 975 33 689 570 613 675 
683 477 330 863 489 631 320 179 672 642 44 534 826 872 743 720 114 755 707 573 910 831 73 867 621 136 798 156 99 181 971 544 333 267 58 82 210 730 795 18 57 201 330 324 209 448 356 675 881 765 312 739 597 857 795 49 972 644 347 353 842 621 981 629 30 396 215 492 561 210 899 352 571 205 356 732 532 724 297 930 614 199 883 306 486 425 779 461 916 846 577 885 433 547 712 64 209 586 811 663 
520 385 772 139 772 997 402 84 231 776 683 298 696 802 429 348 394 143 527 746 809 621 359 359 774 954 584 554 39 429 154 521 872 902 900 934 478 968 259 233 375 862 943 122 739 142 192 271 897 968 848 36 799 577 772 718 308 747 493 852 383 920 630 519 573 880 727 701 753 399 564 443 294 139 275 889 878 356 528 893 886 922 850 303 149 488 256 761 595 198 558 93 973 256 961 184 265 960 693 430 
727 283 429 343 70 456 804 793 373 512 528 511 57 997 702 33 45 751 626 433 155 759 115 391 963 99 220 240 495 161 103 570 232 112 59 314 423 95 262 256 644 884 466 801 620 242 76 570 980 423 505 161 10 162 351 931 794 631 704 812 752 516 461 683 35 681 902 451 493 726 134 611 130 718 138 823 639 196 184 32 994 651 916 85 7 209 399 221 405 796 739 377 839 89 51 388 264 664 592 549 
873 282 291 561 390 948 432 223 531 114 34 785 570 751 843 830 818 831 274 208 351 585 976 717 115 868 445 330 671 589 255 789 276 155 316 133 268 56 501 553 527 214 607 821 578 97 234 192 916 690 711 944 200 279 762 36 864 415 171 12 820 326 661 299 971 738 567 399 365 323 249 105 225 172 964 355 51 575 586 356 66 494 756 928 627 415 378 736 407 685 446 344 374 718 981 322 320 912 774 87 
505 160 217 98 5 843 950 872 585 135 77 541 419 914 251 159 610 132 406 187 934 131 835 213 957 181 423 729 651 541 135 788 883 625 650 139 233 211 660 259 926 502 713 559 82 723 365 851 536 830 229 813 717 301 185 116 151 650 102 978 9 475 73 220 967 23 79 511 193 55 222 366 824 795 746 733 976 921 801 429 21 578 797 78 316 941 544 771 178 906 426 932 951 27 734 472 100 11 919 421 
815 669 192 710 647 294 336 477 663 232 640 425 694 302 281 475 331 950 524 46 802 84 803 803 801 242 788 464 831 647 968 324 729 155 31 273 783 300 893 138 849 730 714 673 969 178 198 530 785 72 637 476 18 624 134 470 691 651 480 707 175 168 946 808 594 93 256 123 523 237 233 440 555 292 503 951 768 28 221 508 956 763 241 68 727 104 743 477 899 894 480 341 68 799 361 139 125 339 249 399 
568 815 93 246 452 976 190 525 698 413 847 788 366 424 764 47 460 786 456 908 709 624 116 157 72 560 339 655 746 642 638 199 182 744 362 207 608 521 170 524 710 32 967 661 869 895 161 449 651 700 942 755 294 809 744 428 503 864 329 317 878 652 765 410 84 0 531 369 517 623 655 6 827 965 38 719 197 537 469 145 706 614 586 641 61 368 306 862 336 346 504 286 100 307 351 6 742 689 43 695 
273 921 468 378 285 337 230 849 30 924 188 402 934 855 921 940 889 797 111 483 220 434 635 427 689 341 782 132 278 448 195 619 840 21 634 889 602 587 653 734 8 182 895 657 768 485 646 712 664 903 257 609 790 783 166 444 666 521 483 358 736 363 282 223 328 201 103 816 322 161 619 738 259 330 929 597 423 79 573 188 770 239 369 535 132 586 818 206 885 758 30 886 868 24 416 694 337 606 704 499 
459 568 20 700 239 428 789 230 383 915 587 719 580 806 588 673 394 260 1 115 48 191 599 134 825 766 80 347 713 231 706 435 215 863 581 347 382 760 576 383 799 658 233 223 271 887 25 113 834 778 572 446 856 30 62 949 653 619 72 365 475 691 415 823 881 369 872 310 820 294 801 958 198 520 221 407 883 192 258 323 890 47 856 568 220 696 42 938 569 321 683 804 651 518 33 41 302 12 776 663 
704 830 802 17 22 964 879 18 991 917 645 609 821 685 924 286 895 488 104 363 614 200 762 722 359 368 383 309 646 588 526 606 53 579 637 188 901 850 873 575 98 941 630 483 157 653 844 936 1 787 744 590 895 714 40 565 430 433 242 925 715 338 126 798 640 217 328 950 459 684 368 666 519 751 890 977 859 588 494 546 255 23 784 756 279 576 863 803 789 818 232 346 924 199 58 680 808 633 534 442 
739 218 707 561 498 386 467 622 799 797 492 849 217 329 165 338 987 550 498 144 977 924 626 688 478 320 166 265 800 804 844 567 213 682 449 344 975 994 481 162 565 227 92 620 243 494 868 48 211 368 536 289 48 720 114 535 496 155 152 880 713 936 930 553 463 931 288 526 315 751 83 304 697 698 446 146 122 877 791 64 714 594 76 35 898 749 90 206 433 157 499 922 929 187 713 631 769 844 295 489 
14 511 150 805 505 332 432 69 200 866 246 166 361 603 354 170 704 57 124 266 873 673 963 644 638 862 200 960 359 732 835 322 657 32 940 386 44 766 133 632 818 290 420 911 132 99 742 984 717 236 926 391 443 368 138 539 600 115 401 703 818 710 242 803 134 560 706 538 323 250 899 529 251 561 988 350 490 195 487 51 865 354 704 115 779 930 313 967 935 917 238 153 787 182 231 583 91 839 539 110 
598 401 201 165 245 443 351 89 27 124 323 357 510 140 544 316 33 158 599 360 805 570 214 358 819 472 384 209 152 116 866 135 837 354 443 382 818 747 922 655 267 84 927 0 664 812 843 70 458 62 560 490 749 248 532 26 285 932 361 117 327 291 108 904 943 777 478 177 899 565 50 609 148 112 305 897 780 524 941 578 133 85 436 36 6 907 247 400 577 863 854 515 119 552 303 156 128 6 661 16 
896 455 507 341 755 84 599 490 312 68 876 311 757 104 24 612 310 738 226 177 888 557 449 496 753 84 928 2 453 24 349 44 65 391 920 143 994 269 1 413 760 322 402 872 201 802 879 576 185 701 490 879 949 759 518 634 337 296 772 783 18 914 319 290 664 265 914 223 902 626 282 565 264 962 280 273 332 385 233 699 350 494 101 518 984 467 51 34 790 191 577 215 379 19 910 769 813 898 722 790 
661 493 32 337 892 724 904 329 980 259 959 282 448 982 969 453 328 91 121 555 893 637 402 971 628 627 765 131 223 208 346 356 267 778 71 253 467 300 194 542 169 728 964 749 414 760 725 541 497 205 312 381 876 962 34 871 765 713 526 588 238 880 799 796 301 605 643 597 917 830 770 478 813 177 611 99 549 607 438 913 738 367 549 842 242 132 172 291 197 327 945 798 220 630 667 523 965 689 214 144 
908 27 201 223 239 322 345 237 91 155 786 669 592 154 204 192 917 241 383 976 452 606 555 740 914 191 642 181 108 426 824 624 187 73 267 319 827 209 918 41 713 632 381 199 447 681 605 820 552 671 477 197 145 438 827 313 87 836 933 395 384 274 896 630 766 85 798 251 417 596 411 646 564 630 859 631 273 36 782 553 689 885 577 299 160 102 318 818 20 512 948 219 960 7 317 645 251 564 57 364 
876 968 523 269 832 486 696 24 221 58 317 491 180 428 653 324 349 462 550 132 359 122 869 914 371 84 701 913 662 596 249 925 75 99 926 53 70 677 151 395 933 918 517 870 775 483 310 762 445 154 378 361 649 85 795 885 316 966 528 780 164 985 130 113 840 326 512 997 746 265 850 490 564 785 742 13 59 196 793 557 303 218 390 107 363 916 87 705 606 168 382 559 925 582 295 298 481 140 965 353 
242 700 665 250 682 120 804 345 179 681 8 679 623 694 214 613 849 584 703 833 842 851 816 760 203 90 425 560 720 622 651 196 890 990 101 933 33 376 458 533 79 599 357 362 345 81 95 890 247 674 647 612 473 341 790 890 270 792 973 333 313 354 131 451 375 886 238 489 870 132 260 275 838 110 358 564 955 266 751 82 695 723 186 213 213 382 518 276 923 700 733 580 404 734 687 484 38 500 25 123 
556 171 387 648 955 753 947 83 237 474 238 268 816 816 26 481 521 825 408 388 532 323 803 943 441 53 259 231 899 526 394 654 415 832 455 535 917 470 182 293 578 338 915 982 926 156 111 209 559 924 542 895 37 32 142 117 12 379 468 662 426 789 894 651 501 495 802 751 77 219 887 484 609 222 508 420 914 30 493 265 798 85 321 153 955 882 544 348 6 128 732 523 338 417 840 575 43 977 429 45 
623 500 668 544 605 90 381 8 653 473 944 525 960 434 691 99 245 48 994 58 220 76 234 685 711 939 905 716 472 993 693 137 679 570 401 280 207 806 723 997 428 775 854 643 751 885 672 954 761 608 94 726 569 169 681 120 445 599 521 714 379 881 549 301 809 707 762 491 523 133 104 813 655 174 531 976 186 559 392 163 32 324 899 901 814 874 771 530 983 405 105 885 885 909 502 260 559 36 675 55 
309 638 196 776 55 607 348 614 630 102 300 389 559 308 840 739 149 913 156 369 606 718 170 178 542 874 856 849 915 266 797 253 894 863 87 537 519 729 929 876 143 256 995 138 497 57 915 289 226 603 591 918 743 716 589 720 897 823 901 361 610 307 727 377 216 148 441 819 92 176 947 104 94 893 818 873 922 343 947 821 969 427 73 543 515 409 581 570 113 197 42 296 639 912 924 598 535 470 131 600 
747 424 959 104 342 229 829 313 445 533 668 441 475 731 20 495 186 682 387 177 150 835 605 301 445 127 576 972 39 536 558 19 497 490 893 340 938 823 56 915 592 447 484 428 767 297 293 306 90 596 540 629 977 242 481 705 753 601 337 176 70 162 374 208 524 868 925 116 805 850 324 438 764 983 502 563 573 338 647 582 655 85 934 184 853 16 554 800 134 324 796 141 544 180 152 191 247 479 255 228 
986 15 889 578 89 591 822 66 634 515 819 190 650 29 929 593 322 770 85 720 808 991 617 171 386 929 792 93 409 335 539 286 584 523 311 801 372 277 2 69 501 572 53 190 893 832 321 342 18 589 684 567 981 741 119 542 963 726 64 709 576 390 180 816 990 211 479 607 187 975 806 155 197 535 613 56 750 471 827 658 897 70 704 666 86 326 610 793 173 370 165 600 322 926 687 389 470 774 29 374 
448 484 44 169 79 414 768 380 703 707 374 47 623 603 153 779 445 192 303 956 820 608 821 564 270 843 831 720 159 882 293 49 614 370 778 566 939 55 119 329 382 995 169 175 903 677 307 589 725 303 941 762 344 655 344 213 77 113 986 929 70 803 702 95 70 737 6 620 645 350 762 22 119 725 772 364 865 428 620 641 70 130 155 766 35 541 178 692 287 566 50 680 620 906 82 62 878 981 299 100 
983 907 213 25 663 596 288 285 877 513 673 723 570 564 390 981 849 202 331 799 6 664 15 961 355 327 417 209 882 507 126 165 165 532 101 910 927 113 983 391 656 364 277 133 268 374 809 668 565 274 202 439 477 571 995 331 407 559 586 754 7 95 566 601 70 349 910 957 52 906 511 776 198 957 885 125 204 129 768 443 17 257 891 268 358 241 137 465 480 103 248 764 842 709 96 713 880 729 505 59 
30 577 330 801 357 801 917 812 728 43 315 988 728 151 453 9 321 454 435 401 1 400 900 134 607 437 308 889 109 613 974 132 622 788 384 702 771 893 20 272 528 69 408 615 544 142 678 65 876 586 168 804 821 46 54 689 57 517 139 697 710 882 301 659 919 566 598 258 35 27 632 116 638 619 818 461 896 753 545 143 93 721 100 410 480 426 40 953 494 453 660 779 746 407 297 318 770 521 580 545 
58 303 306 125 361 248 771 869 20 913 408 283 906 36 353 253 740 835 885 411 424 121 444 230 834 72 861 133 821 942 871 716 481 17 561 914 376 745 736 139 749 417 388 565 222 295 18 886 283 127 972 221 458 91 15 863 678 892 362 92 395 601 208 829 782 683 768 759 679 504 432 106 907 673 536 695 643 879 0 391 410 12 293 369 573 40 554 57 606 6 481 59 124 770 2 847 411 554 89 46 
833 199 535 255 897 273 106 97 13 120 99 733 503 205 732 902 219 846 610 730 404 134 501 351 660 131 787 650 508 478 736 472 375 848 197 979 797 176 865 776 695 395 760 138 209 486 964 436 183 743 480 377 457 663 460 54 151 145 965 17 58 232 821 321 569 820 623 731 368 377 471 757 105 27 573 584 801 851 92 654 185 976 925 321 723 909 486 613 829 414 290 837 305 380 840 435 522 131 279 658 
209 329 81 546 128 794 109 793 29 415 459 959 170 647 521 477 774 178 658 715 77 88 98 145 919 947 942 604 505 448 167 864 668 166 756 681 892 400 241 411 874 5 308 299 36 109 543 842 838 126 162 952 584 697 360 585 459 129 600 494 971 34 412 233 189 589 516 903 185 334 707 966 996 861 509 637 519 595 944 619 827 876 270 140 906 643 117 625 856 11 75 749 539 291 372 957 878 833 397 540 
371 445 484 861 529 237 251 279 701 340 143 673 675 620 358 696 700 292 563 336 408 520 118 988 73 559 16 835 171 678 988 908 526 481 907 671 684 985 399 143 835 225 757 718 450 466 354 306 494 537 535 700 782 315 938 478 243 717 366 691 803 160 520 434 249 12 679 122 833 191 97 959 594 53 624 505 293 484 653 248 894 748 247 618 664 574 744 560 607 569 371 910 895 842 814 129 624 466 684 774 
9 79 951 432 532 483 805 470 302 572 279 64 817 624 508 457 855 210 684 911 656 207 634 219 326 291 503 444 641 338 288 66 304 587 729 678 385 213 38 710 426 456 411 417 784 802 868 411 829 864 327 976 405 851 663 472 585 342 781 823 90 731 21 704 469 921 769 452 652 321 52 289 922 102 237 528 818 661 40 300 965 385 109 393 682 822 499 948 356 613 383 572 529 835 347 701 918 863 197 110 
527 892 808 407 903 86 407 807 387 916 292 938 704 863 475 348 542 951 955 456 234 465 833 659 572 44 419 628 828 413 321 280 843 238 742 774 186 432 87 544 168 241 175 887 272 352 807 477 596 417 288 691 673 542 453 570 454 416 89 402 376 108 396 332 778 857 441 490 607 216 510 797 811 355 119 411 473 963 854 910 378 483 942 874 404 247 496 353 622 477 686 727 380 105 200 74 957 204 190 286 
315 462 139 888 64 820 358 638 625 949 623 935 472 596 832 964 678 762 945 47 194 281 206 864 510 865 634 276 654 588 474 625 1 929 313 493 3 153 169 547 938 362 995 938 346 123 214 311 607 902 762 131 505 197 857 94 430 878 173 84 414 841 454 145 570 960 826 919 550 469 972 77 305 681 772 646 372 336 114 11 294 314 921 786 171 646 101 124 367 260 453 20 184 687 421 530 116 210 712 967 
271 321 74 353 743 464 38 583 383 370 839 340 988 245 481 71 11 267 415 477 578 676 212 250 556 648 240 809 357 653 406 523 505 60 137 794 234 730 896 789 396 791 430 816 985 602 773 362 432 265 994 453 431 701 64 681 739 920 275 569 605 243 726 151 252 646 223 778 732 905 945 693 811 635 706 313 82 132 184 443 918 227 90 984 935 84 492 295 546 816 15 85 847 415 465 17 908 221 569 330 
877 978 328 360 821 980 801 581 114 309 868 986 647 803 47 928 118 210 577 311 394 27 873 370 532 756 462 955 912 447 667 232 662 743 870 294 293 289 604 779 613 315 330 801 431 192 991 854 902 357 955 514 166 529 759 55 947 798 527 567 727 151 530 593 334 539 664 152 498 741 50 265 531 585 745 57 381 890 791 82 402 403 253 148 813 403 136 308 651 43 276 290 221 364 421 180 326 569 359 801 
880 551 999 906 453 960 959 780 354 151 636 428 625 107 513 450 273 48 146 927 924 916 930 887 138 747 506 10 440 216 47 22 40 751 874 388 367 862 353 410 302 1 809 974 430 903 253 900 437 709 41 439 332 914 424 187 464 215 471 30 691 86 516 859 168 313 804 41 691 767 455 149 162 149 559 730 550 465 749 206 892 980 922 739 498 312 297 557 906 137 665 245 703 724 726 198 299 391 465 821 
724 438 400 614 768 990 827 662 293 549 627 255 657 416 197 45 884 159 742 734 124 244 667 324 458 472 838 659 487 383 17 956 89 506 617 48 334 709 83 708 958 730 853 117 746 340 928 726 498 650 130 488 935 705 886 512 261 156 196 722 699 502 358 83 766 648 736 856 763 534 55 633 387 778 263 747 467 26 899 32 522 508 723 744 470 15 146 357 799 105 148 836 193 112 38 135 969 842 517 272 
9 891 177 622 586 696 28 724 840 274 842 699 866 347 62 845 945 228 464 725 953 644 633 504 847 894 588 122 846 562 514 635 290 873 765 27 66 407 437 231 794 163 498 249 922 716 894 300 407 164 893 317 618 422 158 174 816 413 39 412 88 794 380 302 284 520 12 668 181 802 11 304 460 363 530 698 163 606 20 992 632 943 473 816 799 620 281 57 280 255 814 407 922 862 667 527 263 511 24 26 
778 327 422 932 124 234 118 624 392 396 725 714 67 232 620 921 127 299 478 763 837 398 391 81 493 782 470 255 319 871 564 998 712 72 213 328 262 523 747 400 102 565 673 354 880 288 211 313 51 978 998 624 138 455 10 314 823 357 172 611 499 935 635 672 698 323 289 399 626 67 959 627 982 844 925 165 893 389 609 556 939 509 56 978 552 647 732 76 886 154 115 77 882 36 229 859 799 303 341 682 
570 983 202 179 140 111 590 30 603 687 594 233 561 501 126 982 930 49 282 863 678 343 607 23 224 20 887 725 243 952 562 958 884 694 97 809 338 612 800 294 428 354 501 978 209 773 22 856 224 304 48 214 636 397 599 963 194 724 808 411 519 936 422 284 327 589 714 308 313 808 78 779 472 301 155 447 499 211 911 112 661 782 471 422 829 214 663 519 678 136 574 433 351 108 387 590 455 348 249 764 
649 868 206 508 663 203 837 957 696 41 924 557 73 654 71 383 423 830 30 877 185 424 806 759 439 173 863 844 898 393 59 166 205 712 297 154 564 298 448 120 948 415 896 441 762 888 634 510 820 162 144 750 885 744 630 154 711 975 525 872 942 644 45 792 707 17 156 878 287 223 545 331 297 63 370 343 832 859 668 258 169 578 88 183 857 835 250 200 275 419 656 398 230 301 300 925 454 874 789 856 
507 555 235 612 493 675 737 417 192 729 238 547 314 718 690 96 974 621 724 109 846 885 383 652 436 285 916 458 38 771 692 850 957 64 133 695 166 108 426 347 25 880 639 566 677 442 239 709 71 563 26 669 41 154 807 723 172 41 496 645 890 47 353 592 933 728 343 973 380 349 53 872 116 135 547 640 745 445 210 93 595 796 467 671 228 742 612 55 176 367 635 900 634 245 962 639 675 72 160 167 
153 919 69 384 158 427 544 299 635 217 381 219 835 173 208 0 3 611 215 921 175 434 164 311 856 542 981 618 281 957 515 430 14 394 319 361 411 755 510 604 646 283 657 994 490 228 336 456 359 673 518 501 436 198 950 911 639 473 319 121 982 403 411 24 637 990 219 19 121 288 634 236 368 826 810 458 789 955 734 496 492 604 481 615 475 563 29 354 206 812 350 940 336 411 268 279 865 970 59 841 
810 536 634 544 517 79 676 391 377 915 838 278 294 199 518 243 587 741 36 96 398 958 391 706 165 428 739 464 50 16 825 41 635 363 999 744 220 5 74 398 421 92 747 897 87 129 884 17 147 750 809 785 966 954 989 169 973 992 828 454 713 792 910 738 535 633 332 957 602 689 258 885 982 718 201 16 29 738 506 53 564 796 287 459 124 220 925 390 150 971 974 529 662 977 997 850 732 688 325 605 
603 259 196 162 902 297 99 871 191 594 365 124 967 164 336 234 462 229 362 987 562 137 318 997 817 951 521 293 949 859 875 137 768 678 826 88 83 404 542 28 585 759 990 841 690 389 605 466 916 779 900 201 982 170 443 988 540 580 231 511 902 893 804 241 556 738 917 343 180 221 182 584 971 886 868 31 479 681 569 945 627 917 421 331 686 228 795 639 225 199 347 505 675 966 312 912 145 826 569 83 
397 442 527 708 711 424 117 336 896 88 863 922 190 596 224 47 425 591 40 108 939 746 111 553 151 639 724 640 239 359 177 637 961 767 713 138 964 713 930 643 458 304 334 839 899 183 698 157 420 625 834 954 420 287 454 800 442 202 524 41 498 705 671 253 110 733 700 761 762 31 755 595 959 507 961 261 547 291 518 391 126 903 616 623 63 395 361 981 954 329 690 90 344 624 85 556 259 773 686 30 
666 816 73 996 321 81 670 482 812 977 548 919 768 681 508 173 963 720 513 219 503 507 858 86 595 481 168 715 669 273 785 670 281 866 341 36 998 567 405 395 594 166 337 162 953 450 376 294 70 743 142 475 426 831 601 388 972 906 817 960 285 403 683 704 508 368 854 882 133 679 540 402 552 7 145 728 426 9 430 35 238 751 709 298 51 928 395 892 427 399 710 996 648 664 97 359 882 668 445 720 
655 36 817 90 564 135 444 566 83 973 994 556 989 257 436 599 193 358 447 736 13 285 387 177 504 525 409 51 594 366 531 57 718 102 195 778 984 167 134 951 1 947 979 453 185 875 193 516 322 75 870 568 492 295 620 946 284 940 600 734 349 760 463 815 100 814 16 614 137 961 982 988 330 284 894 572 258 99 948 615 260 565 648 79 951 529 146 423 498 289 979 91 7 638 262 626 946 870 500 333 
