414 849 662 190 389 30 85 237 930 800 145 723 202 542 727 989 152 894 286 771 394 752 465 17 572 43 325 111 374 236 979 24 956 16 265 733 551 541 893 806 397 665 672 893 523 845 197 493 592 689 566 111 904 132 770 563 751 37 670 94 518 957 822 808 519 225 398 456 188 897 67 13 721 569 856 917 988 624 77 599 758 924 125 636 80 29 991 502 158 560 846 508 284 382 874 753 934 826 581 765 
577 143 196 529 163 828 403 727 158 291 177 832 452 712 202 422 503 450 716 302 660 188 398 851 292 746 803 19 224 590 334 349 216 666 928 41 167 578 99 484 763 391 345 145 708 57 367 321 897 300 106 587 284 509 914 238 560 394 579 205 929 526 970 568 377 99 134 223 416 486 912 616 629 67 679 945 769 246 511 447 238 783 649 410 753 712 523 610 209 825 207 660 616 262 491 964 767 585 730 563 
643 565 105 419 606 235 446 436 841 169 468 179 806 378 523 141 794 944 577 10 701 495 839 708 672 184 918 193 364 253 223 435 744 819 801 697 456 994 861 663 754 995 746 303 221 909 122 304 882 651 440 952 955 511 542 70 295 16 779 641 413 175 219 202 952 268 648 817 225 945 895 567 450 342 11 273 859 28 417 792 233 147 527 688 565 302 624 234 795 693 611 850 288 16 478 846 644 562 61 676 
612 192 731 10 209 458 939 629 834 9 127 675 890 688 655 520 917 698 965 178 758 589 841 869 883 233 24 683 570 797 839 425 257 781 387 32 41 388 466 649 782 658 77 348 596 750 591 722 656 747 743 435 127 187 90 401 764 275 365 232 630 539 299 534 371 819 355 931 857 638 406 617 348 963 215 270 274 53 129 36 37 951 742 819 338 389 443 920 942 105 507 407 443 645 679 883 305 825 159 366 
962 96 753 516 236 552 835 237 246 764 49 669 173 744 96 829 131 363 224 388 523 51 455 233 927 13 473 428 614 451 405 763 973 976 127 220 107 833 891 35 150 209 456 402 186 742 425 338 973 671 681 922 868 109 517 317 301 890 239 333 77 801 55 565 502 95 5 413 573 789 920 701 545 533 11 815 498 835 882 345 450 56 431 608 415 943 212 914 773 116 514 235 685 874 204 975 437 254 882 918 
952 709 462 729 845 380 782 676 507 625 831 745 100 330 696 624 107 812 700 688 438 594 865 813 444 565 26 57 42 696 235 630 912 942 203 896 124 614 839 817 539 480 726 862 784 317 859 665 81 166 195 781 858 584 645 844 164 183 111 791 327 971 99 338 399 356 78 464 246 115 861 590 220 988 835 50 414 958 395 867 826 36 761 920 659 876 468 884 165 979 378 335 585 896 906 421 466 927 39 577 
911 798 799 726 248 207 119 280 458 112 337 94 747 123 236 29 327 684 77 425 679 349 290 731 761 445 759 713 381 789 952 285 672 985 105 808 917 259 96 942 108 271 352 263 968 802 347 591 393 509 437 323 166 782 326 334 525 71 679 294 501 951 23 264 164 312 507 911 150 900 993 829 948 11 88 98 807 793 983 939 776 28 666 30 924 79 749 90 516 678 434 506 806 542 724 697 373 485 329 95 
376 632 494 424 815 580 25 240 674 751 919 980 930 150 189 43 406 478 981 199 171 535 575 659 557 20 523 988 231 786 893 746 145 759 178 110 239 487 202 315 368 527 12 195 442 683 529 491 108 430 70 690 433 923 311 178 887 888 17 341 270 36 99 403 297 253 547 199 410 561 749 300 55 446 154 710 6 734 622 795 281 897 396 977 832 292 538 136 747 914 187 16 659 623 958 307 349 176 727 529 
874 175 755 975 111 874 410 170 806 538 586 283 216 934 278 250 367 648 666 41 890 363 96 179 531 747 680 489 356 591 585 758 619 95 835 20 316 736 156 503 644 845 906 470 953 760 717 409 263 57 448 341 988 40 72 741 241 5 146 526 314 512 626 479 531 358 871 145 853 536 499 75 622 791 426 636 194 105 523 58 205 181 509 889 960 965 490 613 581 872 682 751 828 3 202 765 0 893 860 881 
267 423 461 453 797 65 658 879 967 899 705 390 483 643 289 561 519 44 861 330 590 354 998 371 67 244 730 578 979 33 261 104 968 836 192 392 713 789 333 270 707 831 2 859 776 274 89 205 439 221 962 825 811 203 671 641 90 344 912 944 156 604 259 553 380 88 95 713 352 432 703 821 416 755 670 721 389 868 165 6 60 602 612 976 710 800 379 979 311 720 799 607 868 733 878 664 172 11 609 992 
549 810 226 161 799 546 648 307 970 70 983 545 669 691 728 739 818 205 752 933 585 297 402 502 99 761 753 882 323 177 638 881 524 648 653 225 132 474 198 843 459 509 33 101 155 764 330 366 137 798 638 591 293 233 164 66 990 65 487 469 224 112 203 357 211 33 19 53 279 950 771 76 481 51 878 530 670 593 689 560 699 875 210 511 729 940 200 548 506 852 959 845 733 621 253 154 240 245 479 664 
93 185 467 682 97 799 670 693 650 176 646 27 168 677 279 496 181 478 114 764 266 971 172 383 994 150 800 201 440 516 915 281 301 682 660 958 771 660 722 401 344 873 274 399 30 411 273 503 968 513 447 458 635 5 707 45 7 960 879 645 997 1 533 706 237 774 473 729 354 299 489 393 516 890 904 952 567 363 768 846 506 37 121 532 578 515 704 508 202 539 148 109 303 166 260 824 801 239 463 744 
371 898 344 251 43 958 420 71 742 528 567 714 296 447 249 885 653 549 669 834 361 641 489 975 924 74 382 17 881 843 502 555 257 102 712 464 473 871 618 399 811 936 732 509 775 453 271 658 84 322 866 257 735 300 483 173 856 718 440 102 183 243 556 964 432 479 432 704 502 779 848 114 461 763 20 605 529 123 755 449 996 69 7 980 813 353 126 107 35 774 503 517 835 550 774 496 702 798 936 658 
8 125 999 726 990 61 493 177 988 486 614 284 57 195 2 99 470 465 167 308 741 507 215 231 493 773 930 120 49 241 140 662 242 727 101 406 626 623 227 820 926 995 172 555 379 451 672 715 678 573 615 730 672 958 72 305 13 441 730 587 341 454 534 987 638 985 404 633 680 695 926 474 191 58 519 199 999 115 744 489 916 730 337 455 851 93 529 99 284 986 214 759 416 440 869 985 845 17 298 466 
136 19 247 360 819 733 648 274 368 916 819 236 601 335 672 847 695 892 791 137 701 482 157 490 835 759 802 201 433 189 196 945 741 886 355 680 828 673 70 157 938 551 758 229 581 237 398 394 381 407 92 320 806 595 989 408 787 110 972 147 708 108 100 633 258 21 747 728 968 559 846 479 713 557 587 437 491 423 316 110 617 110 145 638 567 612 337 307 966 694 347 656 565 622 114 377 317 376 760 193 
465 800 632 76 312 71 52 572 212 787 559 649 870 253 144 542 636 638 183 905 557 962 611 141 118 595 831 140 503 194 750 732 204 205 894 548 723 816 537 99 504 243 20 526 864 893 695 212 685 65 917 533 929 337 451 505 784 806 371 143 539 313 349 604 71 721 831 11 440 800 557 283 326 403 550 917 802 786 408 718 681 687 720 586 862 79 84 843 518 246 242 296 434 417 401 882 68 561 83 292 
344 680 502 711 78 565 570 715 285 760 616 863 378 211 250 573 436 641 156 561 534 482 850 189 492 753 514 871 860 909 766 403 344 581 24 665 567 648 547 114 461 79 76 369 121 670 805 69 103 600 493 781 615 696 784 487 84 851 730 250 963 81 180 123 880 202 213 497 930 543 3 486 541 342 64 380 573 169 711 337 444 979 665 763 971 747 13 831 890 929 891 409 313 879 724 964 42 887 156 67 
443 118 864 74 985 732 390 504 515 620 464 71 834 323 776 631 780 887 500 665 512 362 523 420 278 989 677 436 826 351 954 665 345 405 255 742 335 324 79 815 652 207 453 453 650 256 186 670 725 448 577 522 472 73 311 599 541 988 331 985 889 931 748 591 448 144 82 71 106 694 975 302 945 348 501 867 85 106 723 397 649 500 974 196 942 373 329 461 346 114 469 143 930 231 982 656 676 755 532 125 
849 426 787 786 687 174 368 966 328 640 809 872 431 199 816 372 122 422 942 599 523 201 488 241 852 501 112 409 338 466 957 235 643 227 566 81 691 230 191 396 687 640 744 354 705 338 440 258 295 751 598 830 682 754 111 367 846 9 682 896 997 794 42 979 454 909 471 597 861 80 666 362 283 916 244 51 64 308 246 638 183 116 692 45 254 747 987 381 330 244 675 852 266 114 394 838 599 821 37 171 
404 696 485 104 684 172 332 792 117 186 817 248 816 447 959 476 981 2 661 764 455 172 345 91 403 541 313 414 502 190 598 179 751 61 974 622 501 0 0 956 634 582 590 102 234 866 151 277 454 584 462 84 99 193 609 345 267 918 831 480 121 548 769 781 389 837 765 96 158 569 362 858 340 158 244 772 418 209 912 440 94 970 281 543 662 678 193 808 726 969 7 201 448 209 39 61 686 128 236 87 
84 252 734 153 617 812 734 424 59 579 868 342 346 712 577 335 393 530 375 746 550 558 619 954 253 19 294 579 671 956 497 777 825 418 13 896 987 432 640 552 825 190 348 224 796 94 49 828 850 508 473 506 463 103 706 2 793 802 567 697 490 796 579 792 449 894 423 705 964 441 483 27 226 158 53 787 442 639 117 671 73 875 266 971 669 295 493 667 831 119 224 654 595 135 428 91 995 443 909 100 
733 953 453 541 984 552 360 10 412 996 274 345 733 383 893 8 832 795 867 462 507 644 711 825 864 239 540 190 317 782 318 709 682 773 573 702 725 321 16 403 370 515 648 491 49 75 151 982 123 300 775 750 202 352 941 176 259 502 808 495 919 45 139 823 51 1 352 352 436 209 337 539 87 290 882 755 487 758 597 770 34 280 608 655 661 518 556 593 697 564 837 65 332 739 472 604 480 723 903 980 
180 907 58 960 897 590 927 500 506 617 484 459 384 418 279 435 421 670 289 610 490 643 309 410 931 260 903 208 490 658 383 920 56 988 697 505 103 996 758 481 228 163 509 0 689 699 287 56 361 749 673 973 888 328 59 938 779 961 287 314 82 293 31 375 343 59 727 552 114 209 505 982 305 338 743 711 896 238 552 933 329 544 519 353 222 136 938 217 383 277 442 498 319 330 875 774 321 966 243 738 
62 426 464 541 382 349 197 77 572 830 155 899 368 76 583 542 944 978 749 94 744 752 328 264 232 463 310 682 788 864 117 902 62 540 489 416 283 876 967 896 336 602 187 949 263 3 57 410 588 203 708 345 118 519 235 120 849 611 760 178 389 297 710 706 758 252 440 518 495 524 318 517 967 880 94 957 988 149 523 922 553 976 986 953 849 337 583 73 681 710 891 564 677 609 121 147 34 978 2 767 
885 43 969 489 206 668 410 764 685 760 859 55 696 155 318 436 500 862 155 350 114 479 465 900 416 909 428 9 763 468 950 696 840 186 330 91 759 164 140 232 86 551 463 828 280 88 654 505 776 754 467 221 429 983 838 169 512 608 940 276 165 623 342 133 859 170 934 998 954 67 284 412 61 841 672 829 657 931 593 372 46 844 76 953 999 554 841 825 374 576 709 563 83 614 42 436 132 552 291 248 
924 78 433 104 580 812 701 213 411 954 351 634 471 514 636 612 115 442 264 734 384 784 312 609 282 987 164 724 563 732 443 898 904 642 358 143 97 755 153 855 543 397 927 781 514 579 944 854 244 809 778 533 419 648 325 776 640 351 369 495 408 229 77 610 110 40 264 625 747 358 925 215 547 990 232 215 430 808 370 822 733 93 207 433 698 993 818 361 884 409 41 700 854 577 415 502 488 536 219 243 
411 678 523 278 509 850 281 718 802 320 90 625 346 860 196 159 170 301 385 304 344 324 381 808 917 569 385 566 768 843 376 903 96 813 624 641 186 448 254 742 233 956 894 939 736 321 780 446 659 971 889 104 940 199 492 896 495 347 405 782 456 856 13 143 352 482 221 641 303 424 603 96 232 385 395 760 174 42 357 567 50 308 721 867 865 406 252 664 841 369 212 184 492 744 490 165 966 681 210 524 
217 734 120 220 714 892 978 472 736 66 560 761 18 440 682 499 851 482 166 173 625 797 840 983 269 25 539 636 90 691 190 435 560 216 790 393 617 34 751 794 944 572 911 144 171 811 980 252 514 8 470 200 753 903 164 730 375 594 194 851 414 185 203 263 415 354 968 709 413 497 77 283 926 410 289 431 903 104 125 348 990 699 922 889 306 542 56 522 751 238 735 937 645 705 525 755 486 228 59 934 
433 267 891 19 693 780 43 440 774 410 498 478 583 732 547 246 869 909 935 55 48 316 540 717 436 172 206 86 485 770 490 862 31 456 547 667 311 661 44 464 119 150 137 433 935 295 196 295 70 538 418 760 330 177 634 997 485 874 785 661 643 237 706 440 273 753 576 476 853 539 653 680 979 665 290 661 280 999 554 484 845 20 948 600 589 14 519 26 378 343 145 119 284 0 478 627 44 380 908 909 
316 816 548 819 918 119 226 330 425 410 415 294 127 695 468 563 594 283 585 322 867 759 393 264 428 55 337 159 947 92 320 737 948 996 181 740 456 682 851 761 357 517 219 310 516 868 258 673 909 838 720 139 756 152 181 338 873 331 747 798 470 297 58 846 956 478 750 462 45 995 11 998 570 270 211 409 790 151 158 469 473 186 199 953 418 245 631 718 911 389 511 892 267 304 538 703 339 540 807 960 
914 513 522 114 649 578 231 282 727 690 190 33 914 238 474 142 737 886 780 796 794 351 429 260 247 552 294 253 306 338 36 14 910 478 625 222 404 443 29 805 77 262 814 837 100 9 853 412 0 320 530 994 808 642 297 915 189 658 319 861 523 395 33 232 678 5 595 85 201 302 15 300 639 313 677 379 875 248 826 915 479 292 710 808 929 397 463 674 455 331 595 209 828 321 265 641 550 105 410 78 
100 385 231 815 873 612 963 305 567 525 498 362 999 349 651 531 287 295 297 953 63 816 403 240 302 927 793 731 765 928 20 572 73 982 136 765 788 631 80 301 953 549 320 908 366 842 475 724 353 389 308 987 120 919 105 844 855 964 705 688 738 921 223 138 662 142 513 941 317 545 403 46 395 587 309 115 26 617 765 369 273 919 142 73 908 975 439 37 449 394 363 618 111 535 556 159 648 902 569 953 
351 639 512 672 73 730 743 607 498 181 133 213 988 59 55 533 560 585 322 376 89 99 405 532 778 493 137 414 290 557 912 640 392 726 130 633 786 540 12 901 676 921 61 66 116 553 784 380 10 597 766 521 439 926 582 702 268 202 804 920 779 998 709 27 809 852 24 852 948 635 726 920 135 49 435 596 991 769 150 151 318 31 862 180 503 409 673 902 180 816 529 861 516 997 105 204 742 25 264 153 
511 506 40 834 995 301 193 158 303 387 595 785 519 669 851 851 574 980 64 305 865 954 516 334 609 156 742 962 817 116 727 809 509 824 756 285 489 165 117 317 513 605 719 185 228 318 759 995 6 344 840 800 279 569 926 482 414 192 73 882 144 349 736 430 778 196 585 283 116 636 702 324 83 782 518 164 821 111 289 606 388 185 793 187 352 968 804 718 574 323 301 498 399 706 513 938 930 477 221 939 
773 527 581 574 222 317 967 443 865 205 337 627 982 728 327 538 216 216 578 370 521 2 984 722 259 233 841 653 938 557 175 244 619 780 692 92 81 836 500 0 646 873 784 610 24 904 986 450 495 879 726 658 948 572 645 397 827 539 379 746 969 747 142 321 904 694 518 988 736 517 343 451 952 622 233 635 806 488 758 900 415 395 802 393 86 371 61 785 617 574 814 308 303 484 867 375 192 161 132 312 
695 778 315 595 635 425 837 883 188 959 705 403 743 126 834 340 412 336 710 657 321 183 818 764 237 64 857 469 699 962 941 727 567 230 192 34 969 778 406 222 486 509 301 602 13 332 809 703 245 493 855 547 130 571 769 700 325 288 175 823 933 897 359 828 261 474 94 416 973 370 484 700 531 30 848 20 58 269 230 309 623 666 113 560 644 642 156 653 830 108 781 475 600 88 986 774 689 416 822 793 
952 688 267 466 835 734 660 994 921 454 281 113 780 763 656 930 429 10 160 253 227 797 418 984 721 366 63 783 585 881 733 681 857 272 910 123 295 802 518 825 332 36 204 976 292 895 67 88 82 659 704 153 391 788 303 419 537 663 788 344 389 4 718 95 296 16 960 925 938 89 96 116 180 483 135 673 203 165 850 182 963 817 819 295 436 669 255 106 990 553 537 944 461 329 42 861 378 918 76 666 
317 365 749 397 588 773 242 887 345 697 528 137 990 919 687 253 972 972 162 324 896 848 995 821 731 827 424 561 869 605 628 150 903 750 351 25 526 210 574 809 127 345 690 761 319 185 662 616 120 880 89 381 328 754 438 536 856 883 288 317 780 546 383 502 451 574 255 181 572 468 163 970 759 701 250 759 600 722 723 414 544 444 509 417 529 990 255 45 662 431 26 536 770 655 388 968 81 709 442 761 
0 980 362 106 656 599 817 689 461 395 126 868 929 115 77 403 170 33 272 844 341 804 144 43 764 891 863 10 51 678 353 521 802 516 841 899 497 875 743 835 190 26 616 70 878 972 297 669 45 128 990 716 561 852 37 185 209 84 957 670 944 2 171 750 675 897 649 508 661 489 810 629 346 177 924 813 152 348 293 324 790 768 560 226 176 498 454 578 216 487 38 239 256 269 928 463 748 413 965 478 
871 181 775 784 456 708 710 510 623 832 939 411 102 106 566 471 137 89 729 446 150 135 611 455 517 750 148 907 653 78 955 33 675 241 253 535 255 510 285 462 828 637 358 923 32 651 141 661 141 1 709 398 767 713 617 68 973 301 841 745 868 64 807 24 839 788 779 443 250 139 202 997 274 300 619 941 190 102 653 905 573 408 817 777 993 119 446 767 335 818 60 19 597 465 232 604 352 256 409 58 
807 48 917 392 704 897 776 527 413 829 924 284 954 762 788 818 950 837 583 364 490 739 945 872 176 290 781 287 759 43 627 211 827 204 978 998 631 237 986 967 829 898 255 566 474 454 32 239 18 993 930 776 406 365 382 813 670 741 409 146 293 970 287 798 558 766 473 822 744 78 7 285 261 624 404 704 433 317 355 877 797 256 743 30 695 368 260 699 733 306 625 131 394 539 532 766 212 4 686 355 
826 780 436 443 951 858 244 520 95 174 93 295 439 706 503 538 714 67 773 300 365 736 369 989 632 470 199 242 379 242 233 970 337 424 371 74 385 297 361 946 339 439 877 218 966 818 978 187 156 624 948 439 578 20 386 511 626 580 338 449 745 736 52 572 303 718 223 673 439 893 956 784 854 443 874 13 742 787 151 784 912 131 297 898 662 120 844 996 958 16 835 316 59 999 430 984 746 917 126 314 
57 976 434 173 947 634 81 348 393 898 642 843 467 767 304 359 791 80 814 412 730 784 184 141 725 653 240 268 748 831 170 961 189 419 280 653 906 372 595 628 218 578 945 362 711 756 703 623 392 994 800 560 866 949 136 105 939 332 159 743 406 309 694 769 457 884 882 406 374 282 153 13 786 944 588 235 326 853 112 651 614 507 994 328 529 619 306 204 158 288 769 38 74 218 306 453 694 199 692 950 
397 758 433 162 254 580 711 389 920 748 782 878 875 975 805 317 707 658 85 551 716 770 235 838 903 42 520 976 9 595 49 527 307 721 804 400 650 451 563 298 295 633 80 765 955 487 711 778 356 722 758 139 636 508 168 428 567 4 447 193 748 141 943 688 779 336 822 874 182 613 283 626 562 299 522 314 151 139 891 368 745 467 182 739 270 623 477 974 751 815 360 984 784 537 426 232 716 445 648 767 
981 309 507 917 242 230 107 867 386 785 353 870 49 689 654 116 342 966 660 9 432 167 356 257 439 194 327 706 207 741 202 907 654 554 313 50 612 286 407 471 252 31 368 605 668 994 27 182 882 452 485 640 606 618 263 585 403 984 222 979 367 549 44 931 935 643 329 25 857 354 12 607 197 139 207 720 752 243 389 452 594 995 744 695 150 490 509 836 567 101 926 789 589 69 413 765 376 697 783 773 
307 183 139 108 205 494 51 577 579 194 794 444 749 103 77 766 949 656 789 99 632 197 429 84 708 382 665 304 516 707 727 245 50 960 218 92 530 633 764 69 773 927 252 818 128 488 419 658 281 498 731 350 260 55 775 202 954 343 925 307 20 893 42 175 723 911 591 100 781 691 751 121 801 775 942 102 238 755 351 901 130 115 976 912 996 549 959 630 580 676 864 751 365 860 925 453 915 172 462 647 
321 746 328 661 283 416 533 57 268 584 760 499 712 403 968 680 852 514 142 458 682 266 307 634 625 121 178 285 3 112 191 108 46 734 550 599 629 131 200 382 599 306 608 350 659 550 538 467 116 949 243 289 711 307 586 758 884 701 146 102 555 480 686 578 855 209 683 427 644 546 942 267 652 664 466 41 431 982 716 291 674 165 962 952 412 192 951 141 790 10 359 850 513 296 252 429 165 145 949 851 
992 650 923 325 385 582 464 876 568 797 168 7 999 496 380 873 593 247 938 409 375 325 163 376 973 8 211 831 931 161 456 905 193 852 743 915 21 953 238 476 892 243 386 603 220 615 94 81 994 424 387 968 188 411 361 12 654 458 448 214 25 190 716 970 901 390 42 37 867 606 515 852 708 919 968 929 191 306 828 133 81 828 793 16 919 716 950 240 160 924 683 867 32 502 849 776 467 733 406 128 
3 205 62 742 105 819 808 605 450 40 874 203 507 690 821 921 395 503 822 968 515 697 312 646 111 360 172 42 333 172 359 351 937 458 607 162 66 604 498 867 35 938 855 118 417 252 648 836 578 506 403 889 991 605 806 575 63 595 203 524 693 261 920 397 332 894 558 900 385 844 463 697 310 331 780 430 407 467 798 845 508 963 764 122 984 902 823 792 713 134 123 277 92 799 918 839 970 919 372 624 
17 637 632 43 226 292 145 756 654 108 881 572 371 360 38 791 817 417 831 726 414 275 778 711 399 444 833 410 359 962 323 379 722 443 644 949 355 599 933 387 863 651 266 700 509 244 76 32 244 462 449 102 433 360 682 687 591 343 259 55 257 550 761 549 162 502 619 801 626 165 489 198 76 703 834 8 647 869 484 426 499 264 549 211 929 220 592 372 459 155 240 952 767 855 904 594 188 40 205 941 
3 117 33 61 474 790 295 698 891 453 325 493 201 215 877 979 245 154 631 253 801 396 335 204 238 305 705 33 722 590 450 198 502 570 364 183 328 850 700 869 676 818 257 947 218 634 85 599 55 662 947 444 339 352 395 850 710 689 20 560 512 161 250 308 963 504 862 715 158 40 476 16 594 667 980 491 389 807 82 746 684 982 497 552 119 152 500 793 684 202 32 865 370 862 151 325 267 964 828 566 
392 117 648 563 397 804 512 165 858 557 157 981 62 636 614 95 52 849 743 373 317 584 724 385 502 329 218 837 923 997 497 811 851 556 767 397 492 908 8 142 216 295 181 341 575 579 620 207 14 657 180 711 182 427 119 582 654 142 290 243 874 841 430 384 233 233 26 612 667 254 6 218 362 498 972 340 481 101 713 436 77 445 658 339 433 335 488 653 214 95 772 520 182 312 935 468 524 594 429 995 
659 992 636 341 91 662 939 185 959 391 513 576 253 293 630 468 889 556 495 389 263 94 505 846 13 289 729 899 368 537 108 586 91 65 241 663 530 79 97 219 161 154 515 742 829 12 121 247 761 540 493 456 802 861 791 350 616 108 138 228 915 776 622 137 536 775 529 742 560 575 805 153 844 141 624 976 863 681 534 789 878 957 858 486 147 607 590 903 176 848 135 636 994 527 302 546 46 834 761 437 
129 71 479 637 908 67 533 508 483 390 190 471 511 280 696 839 625 955 188 712 261 710 85 468 702 154 854 392 458 317 929 810 761 437 852 782 17 880 63 124 157 429 494 691 83 1 840 651 615 925 397 614 624 10 237 295 954 768 623 105 78 42 101 567 460 270 379 245 483 899 379 166 608 37 502 890 533 106 16 865 788 826 140 672 513 324 790 800 332 94 526 962 748 551 946 18 879 149 342 853 
42 108 573 566 565 191 95 144 794 386 187 191 658 134 687 561 197 494 509 526 661 365 790 779 525 587 72 534 753 904 454 664 732 697 708 507 862 63 828 932 600 523 992 975 271 507 745 178 92 718 66 63 214 518 636 3 558 531 24 271 611 600 101 633 459 602 56 40 696 962 476 559 330 60 762 106 175 552 2 110 512 319 865 594 223 347 614 623 529 259 974 410 657 611 239 701 900 811 882 671 
747 449 958 68 32 559 729 739 558 502 908 963 294 54 713 803 916 72 757 292 687 158 374 584 609 204 125 950 305 830 251 557 916 242 35 394 708 964 153 507 654 444 597 157 25 877 236 549 768 198 78 54 115 311 330 794 337 528 630 698 873 987 66 4 677 591 439 289 917 560 995 934 279 166 4 369 818 120 156 607 266 167 123 201 705 644 709 312 752 264 27 131 968 325 233 952 451 550 430 530 
4 310 16 111 927 153 208 72 325 585 99 287 911 283 555 307 534 187 101 740 351 746 224 989 184 19 579 570 7 632 362 361 463 366 716 469 37 502 997 573 342 317 439 317 930 789 313 940 947 562 433 350 185 177 409 673 434 103 806 675 12 738 66 545 258 633 674 595 125 752 195 165 645 620 358 185 5 300 892 656 380 329 178 887 825 792 711 492 218 145 576 915 787 251 729 462 446 918 113 467 
870 437 416 237 640 613 566 933 13 956 133 795 139 94 308 129 894 425 549 914 494 646 150 904 963 94 199 11 109 759 288 148 296 46 339 406 911 805 421 164 975 790 222 412 96 790 653 424 811 334 133 308 768 381 3 679 850 913 333 959 149 319 597 792 466 576 122 610 80 306 346 458 613 303 106 474 341 593 967 683 391 42 284 361 599 983 826 176 879 45 850 636 465 958 353 546 321 149 718 721 
503 684 218 482 388 28 872 783 53 672 25 24 387 422 891 363 812 801 805 416 777 304 147 428 729 988 800 896 952 489 554 333 656 492 991 723 425 434 504 414 461 368 126 974 21 63 604 621 983 178 931 747 555 271 727 795 64 626 593 127 831 566 125 198 783 950 335 110 428 63 41 537 548 634 924 213 870 762 82 288 171 459 326 919 751 277 163 50 665 977 646 573 948 175 379 874 915 423 334 110 
39 935 870 837 39 416 526 460 81 125 912 318 50 7 513 576 694 353 891 687 270 635 384 714 95 904 967 688 273 794 164 24 321 762 289 250 277 744 724 845 903 78 590 854 347 43 965 807 671 377 615 920 786 253 443 95 508 737 35 852 215 405 487 554 821 280 718 544 614 521 99 588 823 313 804 658 57 914 267 984 500 412 851 377 232 568 398 721 542 614 35 589 272 457 538 16 815 862 637 44 
46 756 954 464 541 74 480 27 788 115 403 959 252 190 952 17 480 590 435 285 304 845 658 692 734 705 29 8 176 132 611 261 734 452 964 884 576 295 161 196 230 468 361 697 921 448 790 157 481 569 537 356 11 184 735 255 81 260 809 958 93 386 298 985 524 804 654 988 706 798 257 886 735 851 824 799 676 474 446 316 810 465 25 604 430 670 467 582 379 103 722 573 183 437 63 266 117 436 62 697 
837 249 835 778 505 60 953 333 700 226 423 320 369 184 95 246 227 130 757 720 588 684 823 830 362 960 378 738 499 442 332 486 440 188 915 239 307 845 155 168 63 725 710 472 279 428 485 299 901 255 743 398 916 882 718 737 903 300 760 742 741 23 211 864 269 391 258 951 453 182 909 706 299 370 809 385 741 609 438 773 817 914 860 844 151 760 732 359 751 827 197 825 864 977 607 624 402 683 753 390 
139 516 821 8 707 381 992 373 811 544 131 658 698 772 184 206 475 308 210 491 295 179 596 646 548 143 771 386 923 777 719 501 692 145 335 133 138 452 446 212 353 924 481 44 966 215 567 113 319 169 522 781 74 499 773 708 204 145 680 315 452 903 731 512 999 618 394 614 708 455 211 862 558 776 893 972 515 11 124 917 738 802 41 546 838 957 865 690 345 527 146 538 586 683 878 70 873 186 105 474 
121 867 165 987 903 385 516 166 163 343 517 529 730 496 147 745 505 871 163 224 509 49 600 969 641 839 494 137 744 959 855 394 566 216 65 22 576 926 845 485 50 878 789 593 529 807 894 903 680 822 264 257 390 7 75 456 597 884 998 682 679 955 999 151 174 801 610 868 633 481 474 725 955 453 708 277 890 87 168 66 644 957 813 961 861 982 188 357 697 412 287 755 306 326 481 54 45 379 577 283 
566 133 678 638 193 674 239 355 614 823 253 238 37 52 471 260 660 479 333 223 208 643 142 534 84 205 754 975 839 967 675 754 862 422 614 377 352 729 976 530 395 614 919 129 229 655 755 508 509 520 682 883 733 217 856 4 111 941 147 781 943 215 893 657 541 211 444 841 718 177 841 414 369 423 236 305 829 699 816 377 688 386 780 741 400 801 703 622 551 764 570 885 282 547 476 70 27 215 868 166 
189 784 875 697 66 959 642 857 382 914 669 586 572 473 414 147 168 699 367 974 970 398 752 337 856 762 659 728 365 464 122 832 531 547 228 533 375 19 416 744 678 289 55 591 172 362 316 986 428 597 747 180 367 657 593 53 985 923 111 593 605 619 494 826 572 238 663 689 459 77 453 846 67 240 404 758 988 668 205 416 406 902 389 184 295 49 980 849 381 403 820 108 113 409 10 949 396 580 501 198 
142 954 820 724 353 502 696 336 304 462 694 908 644 6 514 148 501 983 721 250 695 238 231 91 695 611 569 506 209 161 440 757 60 454 840 172 342 876 752 212 324 372 47 478 40 363 75 888 891 102 708 566 502 624 720 160 990 945 544 939 48 609 511 234 114 936 995 589 357 920 395 412 904 49 782 867 399 206 131 296 703 455 193 212 430 796 656 89 774 64 566 583 627 508 477 936 678 680 943 768 
746 751 226 557 398 550 296 415 302 252 163 223 378 252 333 760 49 903 74 656 800 382 461 173 299 952 577 207 845 957 900 446 702 232 937 507 898 840 482 280 203 951 935 969 80 319 530 915 112 685 612 473 108 16 400 766 147 163 933 982 327 711 780 927 655 412 87 280 900 416 480 432 947 382 1 467 343 963 676 435 544 357 908 588 778 606 439 966 945 434 217 122 52 329 867 116 341 123 489 396 
803 681 349 115 411 451 746 667 274 968 149 451 364 963 193 755 977 510 232 916 953 648 734 32 375 284 591 435 448 115 744 318 786 548 148 176 951 702 708 441 94 896 902 344 823 696 938 302 378 821 217 899 341 997 534 956 65 437 906 240 812 26 770 933 253 604 499 892 829 846 91 79 499 930 844 409 658 580 217 488 611 847 291 134 79 750 547 89 214 260 686 214 275 884 872 506 41 486 796 104 
124 68 275 696 636 304 301 143 776 782 982 76 311 663 144 612 872 661 485 948 660 979 941 911 137 969 228 868 601 4 778 504 295 153 577 724 592 564 848 268 941 792 277 835 833 494 664 770 215 906 978 234 222 563 143 501 180 122 581 69 530 820 8 308 743 458 261 876 210 681 894 329 342 576 271 40 405 53 556 622 203 731 694 241 398 539 754 801 375 790 361 14 130 937 78 765 735 325 385 784 
109 575 912 297 80 712 247 92 396 646 905 995 988 777 747 685 856 756 630 790 833 650 585 522 441 586 56 456 669 2 569 776 373 232 336 39 598 887 583 541 888 695 56 89 662 947 19 920 226 402 492 772 153 533 115 854 788 266 830 910 813 468 165 773 247 485 200 413 565 93 390 981 537 30 676 1 735 766 949 759 251 928 144 647 459 382 913 824 616 798 218 479 80 800 549 59 771 119 339 441 
287 504 533 624 708 616 188 220 475 53 727 921 176 753 514 793 205 414 943 529 883 206 583 156 560 320 454 460 822 753 603 215 463 317 556 104 450 478 49 16 305 153 170 993 222 654 372 808 447 491 330 476 248 279 912 176 649 254 52 564 427 405 111 330 546 957 393 903 8 520 407 648 93 878 75 128 467 195 435 216 630 391 775 983 526 565 808 846 172 470 478 565 617 75 954 262 6 111 199 248 
392 588 291 719 929 977 264 246 976 604 289 898 497 39 30 215 494 799 432 200 234 692 484 669 525 114 383 667 37 22 447 652 759 591 939 84 698 700 254 352 680 585 416 754 709 844 487 265 872 328 410 46 302 793 790 594 944 980 455 141 2 712 658 291 529 529 838 694 612 413 449 974 578 330 493 236 368 822 401 238 203 833 360 909 210 708 748 759 722 60 766 408 841 225 527 928 750 546 183 96 
985 562 997 225 602 714 953 519 225 974 991 563 143 780 569 215 245 196 861 961 275 849 160 584 905 263 47 94 525 990 41 691 703 299 138 964 710 364 396 2 961 955 606 756 417 600 996 703 681 609 330 933 313 20 441 451 537 594 707 813 544 379 25 959 810 137 90 777 832 116 650 612 233 49 51 848 566 61 57 846 393 221 10 191 8 595 579 994 469 666 734 249 643 197 797 672 997 991 866 486 
245 297 906 222 720 508 711 15 943 670 580 466 864 787 696 995 484 77 142 689 963 417 631 749 60 709 810 658 316 605 684 530 967 767 874 898 646 286 6 447 409 380 854 89 642 691 505 57 281 251 678 261 501 38 82 455 797 50 96 430 665 842 745 447 654 81 925 217 786 906 656 281 804 276 679 641 788 834 86 217 864 99 182 349 181 251 173 684 733 220 946 271 493 295 78 556 8 832 442 80 
560 681 281 746 289 604 539 10 121 534 45 491 251 463 771 519 583 778 664 199 912 222 962 465 259 795 103 71 442 253 453 938 179 121 103 847 113 46 711 10 967 432 569 479 996 989 995 497 665 441 924 612 208 840 303 963 468 595 910 213 614 125 277 488 837 348 565 864 606 545 689 946 850 711 846 504 600 998 613 172 671 29 385 620 708 778 102 671 672 445 984 659 571 405 691 517 762 960 812 780 
311 217 240 786 702 111 204 101 733 568 626 103 695 599 191 108 689 79 413 562 415 626 959 652 969 243 371 30 84 931 168 444 36 829 858 712 631 509 451 193 108 54 36 782 438 895 987 708 96 228 377 514 254 823 926 551 673 768 656 371 463 383 569 962 663 182 481 78 820 321 421 9 639 530 103 304 904 678 486 895 342 182 605 870 62 178 942 16 919 653 193 572 852 32 335 81 602 383 549 86 
559 864 436 135 292 75 933 282 627 989 191 302 9 881 517 326 111 972 164 0 674 620 794 179 869 585 815 820 59 995 646 276 693 519 778 862 739 246 698 340 81 896 827 696 503 27 398 200 455 214 49 968 246 298 142 671 224 548 603 208 565 650 304 201 677 119 253 41 207 773 72 693 562 598 668 714 815 491 826 91 411 25 777 513 517 154 504 797 338 53 995 52 296 327 246 255 950 670 9 509 
345 736 68 308 836 586 760 825 312 330 394 341 383 498 301 499 134 784 412 668 5 125 562 151 709 889 984 782 397 336 353 739 500 925 538 414 710 330 286 423 62 89 344 649 569 536 436 111 548 913 859 160 47 602 545 870 916 859 305 533 258 109 546 448 335 335 286 507 567 143 893 458 396 633 142 603 679 464 447 216 637 258 919 113 410 927 452 163 616 224 575 700 969 769 9 635 674 786 383 342 
930 736 160 409 724 659 52 147 688 649 902 961 238 866 330 356 934 610 856 144 700 952 530 21 908 540 642 821 992 505 269 199 667 65 528 522 251 756 563 221 372 906 827 622 674 85 584 774 70 426 700 296 552 124 463 508 71 642 901 339 33 625 603 152 723 794 149 26 944 693 911 546 234 686 649 122 127 691 285 42 979 457 839 777 217 633 46 576 691 239 7 38 429 938 548 852 865 794 738 587 
37 598 796 38 73 613 588 711 587 878 873 190 96 376 72 562 231 947 364 0 178 558 240 872 404 121 697 916 656 4 619 341 844 725 711 6 163 259 575 480 816 751 756 73 610 705 2 514 121 428 345 679 198 218 935 841 75 782 845 302 325 927 237 739 17 925 928 158 274 97 496 658 469 983 237 411 393 718 603 910 881 536 332 911 917 546 713 510 642 28 443 32 877 925 528 816 941 96 203 392 
530 13 870 548 128 513 844 337 532 848 628 51 272 388 819 579 415 560 149 164 208 953 599 766 861 585 435 903 718 742 190 906 540 697 844 726 984 274 872 877 849 649 629 444 493 869 543 970 172 269 151 562 850 835 500 182 379 811 461 135 811 231 610 755 550 934 876 899 257 609 158 174 199 937 574 119 378 369 207 813 333 790 82 869 535 644 503 147 851 387 954 687 587 966 498 733 137 955 679 733 
392 618 743 452 956 429 701 173 820 380 728 248 270 399 123 637 454 104 408 518 835 880 273 453 804 256 94 470 10 559 70 718 66 955 208 716 745 859 374 401 867 157 524 345 124 838 576 521 310 508 792 346 496 17 1 552 300 595 934 486 991 302 780 822 328 181 979 933 425 60 376 487 389 169 218 577 761 681 633 510 429 81 108 495 274 573 899 304 655 560 50 430 226 447 611 833 916 574 928 436 
23 733 707 874 115 751 954 225 56 285 90 790 980 207 25 593 391 614 464 946 83 256 234 969 688 857 29 858 487 929 826 686 758 136 198 818 968 601 378 684 68 775 561 141 991 850 923 647 62 383 684 955 430 772 957 762 479 865 856 493 77 889 313 518 567 345 100 788 480 923 281 640 104 192 62 691 209 49 994 191 517 388 434 150 737 345 747 17 55 857 455 74 866 391 543 62 402 711 104 303 
43 875 967 305 97 194 686 957 70 717 744 952 136 760 924 657 59 926 638 540 763 167 802 384 468 43 344 907 485 141 719 570 743 34 203 809 165 426 333 380 200 67 0 393 120 727 937 69 571 938 340 705 42 764 617 98 406 177 387 39 163 147 481 891 38 673 56 410 381 865 346 421 262 430 68 149 835 103 591 633 106 102 705 750 909 535 526 858 145 342 177 350 473 691 308 291 70 224 363 739 
346 380 452 302 864 616 610 587 707 576 796 644 529 868 252 28 906 867 637 335 499 367 574 559 920 575 518 68 164 647 660 619 685 674 113 542 148 100 771 476 779 439 454 355 980 239 469 882 63 328 16 369 635 857 53 148 809 833 980 665 342 961 212 858 75 83 992 16 685 568 803 18 509 875 631 639 805 426 466 451 93 413 0 410 278 90 800 687 324 947 634 466 933 522 189 412 797 385 175 677 
723 136 69 896 849 286 297 313 107 760 496 303 785 409 853 956 24 193 168 264 875 861 876 73 19 603 326 960 180 861 772 761 403 291 162 479 712 293 467 52 268 891 970 270 760 366 467 477 58 803 709 375 2 300 202 370 928 272 943 297 882 95 487 315 493 913 276 934 639 37 821 39 938 774 944 672 827 279 784 951 606 412 608 750 415 301 991 120 983 47 330 644 716 224 183 984 223 571 538 431 
129 185 269 651 133 441 734 119 252 208 783 756 718 569 477 614 946 377 2 218 891 383 22 456 881 618 643 810 230 652 992 291 810 478 644 159 690 927 427 26 634 981 176 468 882 344 923 806 440 779 544 922 466 649 81 135 137 81 830 212 968 174 485 632 121 329 959 622 427 129 762 682 93 837 716 603 903 45 842 781 680 373 106 773 499 817 210 586 50 512 761 142 654 22 449 151 849 394 315 719 
126 171 121 891 590 842 781 82 520 692 91 304 882 371 829 452 638 490 800 305 442 858 975 652 492 731 296 974 908 623 670 377 39 893 792 824 483 682 211 763 878 250 239 806 994 96 591 378 626 534 995 457 612 687 92 797 754 661 121 962 276 800 258 236 968 878 301 939 716 718 994 91 962 717 517 206 885 65 123 101 125 168 923 517 936 557 760 437 241 583 954 247 397 124 800 828 216 502 320 724 
203 110 931 116 442 36 711 834 283 441 486 324 406 694 901 578 426 183 606 942 621 23 158 405 334 635 624 909 278 635 269 407 963 406 854 126 752 474 798 681 579 550 436 345 789 624 565 941 203 108 413 33 198 95 53 947 173 288 672 550 391 849 360 993 361 251 978 447 131 342 51 966 688 941 830 574 906 173 970 543 578 321 970 391 910 115 505 756 393 641 463 505 475 98 390 194 513 495 17 925 
574 717 141 255 765 459 351 459 895 419 896 801 916 884 112 900 898 985 375 544 573 915 745 247 591 966 159 810 614 394 121 80 900 795 854 941 963 804 294 143 457 985 66 741 320 795 462 519 984 323 609 920 301 154 75 361 17 975 472 213 742 805 395 124 737 124 339 338 636 597 588 836 540 199 49 32 485 103 670 401 115 999 127 520 295 845 144 971 736 783 889 429 659 860 722 42 277 342 465 560 
798 631 497 689 185 640 879 865 746 756 934 822 281 879 293 792 625 162 552 986 464 139 573 583 97 874 345 875 618 857 404 52 35 273 393 216 177 360 322 158 710 150 715 868 602 80 393 222 891 191 774 502 327 638 547 301 529 636 331 634 588 744 734 758 872 911 725 53 36 595 139 703 516 728 953 757 715 875 786 544 525 340 623 768 569 664 434 597 821 870 175 249 965 998 935 567 81 651 292 409 
978 121 214 765 523 330 504 367 313 886 522 95 546 950 39 479 333 547 554 997 927 8 606 351 292 644 605 451 748 785 374 777 633 731 798 525 482 357 296 798 133 944 317 416 28 337 547 776 61 6 867 592 870 606 452 64 83 983 564 101 21 595 442 847 275 632 868 421 245 607 854 801 442 78 585 980 746 989 980 949 321 260 562 7 899 987 985 753 711 3 229 737 636 330 524 52 441 189 639 156 
116 125 970 170 193 318 296 289 330 529 459 374 28 732 564 521 779 223 774 161 837 56 881 810 443 796 478 76 156 78 912 836 695 467 426 756 150 605 346 767 171 720 345 926 88 912 365 978 869 823 217 613 504 51 239 885 843 308 797 840 474 228 334 59 615 9 136 451 293 590 710 305 775 235 576 500 146 213 204 958 746 932 334 333 74 894 136 728 543 814 868 351 913 444 513 181 815 114 652 348 
443 248 19 91 716 603 910 343 527 241 80 851 163 154 773 119 902 734 309 260 82 283 802 322 436 416 213 98 864 551 608 999 796 681 11 416 712 308 928 930 648 214 596 208 875 867 525 745 213 466 573 708 417 177 349 785 792 383 138 210 290 133 622 342 923 343 694 704 918 100 489 558 10 605 402 768 213 220 6 187 713 458 370 758 371 837 474 419 900 663 802 1 406 408 703 364 157 41 689 101 
813 466 151 601 749 452 132 606 545 778 434 343 160 333 0 537 930 126 317 605 53 645 391 2 598 79 409 988 18 149 494 808 187 337 739 155 491 3 607 859 701 323 357 875 892 921 798 484 28 367 218 80 595 407 921 545 20 914 82 874 700 938 904 642 696 657 776 972 224 746 380 94 214 271 196 297 820 146 238 353 224 189 46 413 554 263 298 941 220 90 481 533 86 461 189 16 897 364 674 707 
645 480 840 627 529 165 559 51 72 54 804 564 48 756 479 65 962 317 713 866 268 504 583 902 271 413 697 673 773 516 976 413 986 969 421 330 0 351 748 669 349 702 553 895 321 167 734 245 955 216 155 874 60 311 688 401 285 142 866 60 235 14 11 105 589 300 407 100 8 250 239 283 609 558 684 220 422 409 643 717 977 110 580 161 804 0 604 732 571 182 324 644 190 136 70 150 327 280 469 185 
403 554 853 350 327 746 853 651 410 832 901 30 977 823 578 362 225 760 121 407 950 737 586 521 132 501 968 628 642 749 446 859 662 917 810 994 21 971 704 745 546 232 577 430 667 44 427 885 144 792 239 573 899 366 183 117 340 863 950 734 297 561 715 767 248 910 276 375 311 839 222 426 662 903 705 933 686 610 498 76 725 309 783 872 365 392 270 349 905 703 720 581 555 775 799 228 357 669 39 757 
751 421 169 305 955 426 422 880 300 811 659 97 512 473 632 950 537 999 18 236 616 658 337 125 398 933 46 910 766 820 439 128 799 566 341 774 929 791 590 177 411 977 935 656 31 373 715 505 835 991 478 262 734 494 823 406 70 241 927 256 361 597 143 787 911 6 29 962 386 45 535 927 401 657 613 629 736 414 541 282 62 563 908 414 689 285 268 704 400 373 440 787 563 304 643 189 898 671 487 191 
65 835 955 608 796 873 722 480 698 186 403 814 65 345 791 420 961 666 54 590 226 308 387 520 551 276 364 942 215 103 750 945 640 759 248 521 668 371 625 888 12 10 517 640 300 382 272 838 274 429 539 88 244 554 399 24 790 107 987 907 164 458 770 745 291 769 978 246 674 392 317 25 32 440 671 932 464 716 820 68 208 602 725 534 649 601 977 742 985 295 733 837 885 721 138 784 698 889 667 919 
