2379603 2807342 1877260 1373805 2438826 3184478 2320736 1752587 2652083 2510626 
3245765 3728721 2677850 2158109 2899566 4669857 2514957 2502814 3267435 3267373 
2714252 2676207 2405005 1432423 2469827 4183168 2481257 2056415 2601926 2403956 
1354322 1857052 1472433 981464 1869874 2698096 1979740 1168970 1729405 1706972 
2531660 2385876 1732439 1384771 2129156 2600019 2359221 1243537 2551697 2789989 
2507116 2494948 2448612 1684510 2388912 3838890 2546632 1614641 2727216 2440303 
1414293 1488443 1353003 1631919 1561622 1984453 1212795 1129735 1319167 1690161 
3036857 2729517 2683380 1946081 2646694 4192931 2555962 2293785 2705863 2439055 
3670151 3510348 3326797 2442010 3273038 4968882 3439584 2172682 3753106 3702433 
2852351 3302422 2485383 1811339 2343900 4442648 2382463 1975821 3240482 3031283 
