3028488 2460494 1672806 2917080 2124722 3348480 2589469 3110682 3029162 1606679 
2662927 2549499 1493078 2728382 2137923 3186623 2685199 3580295 2891862 1364413 
2217753 2132572 1335743 2309532 2040937 2822148 2249161 2750908 2872485 1280829 
2748345 2853279 1547551 2794740 2299577 3763300 2514138 3690732 3308377 1950166 
2978508 2676887 1330116 2410278 2017389 3221035 2016674 3117102 2675588 1719918 
2813183 2302417 1299921 2457855 2377027 3039741 2122161 2476685 3474990 1770666 
3953729 3328954 1999245 3383915 3174812 4306575 3649765 4284247 4383769 2301537 
2225488 2343919 1168869 2302488 1503381 3033113 2335801 3002606 2331953 1499544 
2674195 2021006 1888499 2653621 2290620 3186231 2764258 3278985 2932701 1413440 
2969576 3096741 1723657 2819804 2372184 3744510 2870334 3757036 3262719 2314195 
