581 805 130 171 294 912 17 537 64 215 435 943 39 842 908 990 361 467 529 501 272 952 272 660 339 445 510 295 647 140 654 257 362 126 544 336 185 116 89 294 167 962 907 664 624 277 545 222 997 380 312 840 788 817 344 514 435 674 778 295 231 214 547 439 139 580 838 394 883 537 800 92 101 569 89 233 310 380 928 660 522 534 607 731 185 256 283 866 257 199 47 6 618 182 43 544 796 132 939 768 
446 870 860 20 59 932 178 600 726 13 240 356 783 565 205 573 105 906 825 483 611 5 248 758 532 67 776 58 475 231 626 808 96 603 9 19 773 634 434 681 727 764 564 93 826 890 597 679 389 171 906 861 304 923 689 479 497 226 158 400 313 553 236 34 656 281 758 978 276 898 761 747 920 721 324 249 153 885 476 520 898 114 855 409 584 344 272 741 359 286 161 223 431 668 702 94 39 969 33 142 
528 123 661 512 396 766 993 707 425 783 362 47 40 858 766 911 728 742 152 13 620 811 807 801 704 107 123 206 785 732 286 920 803 640 684 957 432 966 517 966 350 126 407 702 594 1 909 667 530 925 325 356 569 202 378 779 66 963 404 517 480 310 91 812 543 692 116 53 467 252 752 192 224 332 382 536 481 0 477 422 738 355 270 30 871 805 480 783 297 185 535 897 956 366 280 42 152 389 632 299 
486 96 388 243 277 319 810 412 728 985 652 214 688 731 916 590 746 386 542 706 672 312 951 155 170 881 640 735 233 803 865 253 94 375 977 245 899 753 861 964 37 10 58 670 794 714 949 993 109 426 361 827 336 996 283 88 980 975 423 966 816 151 213 456 942 101 397 479 553 646 429 878 330 849 30 133 483 144 134 930 982 107 428 66 587 713 218 758 88 397 212 983 920 939 908 141 604 261 964 325 
67 369 979 690 401 643 916 245 802 462 749 758 749 90 209 36 22 406 633 864 921 610 939 616 207 484 72 962 46 390 173 690 26 30 704 761 666 926 658 647 568 954 185 916 473 689 831 702 344 340 819 956 699 227 768 607 616 499 814 666 397 941 889 201 848 635 469 904 344 508 700 127 237 645 367 86 20 387 954 174 592 21 865 976 284 237 333 270 475 622 3 63 706 371 117 177 944 616 50 576 
924 418 73 597 276 250 255 974 441 742 319 667 991 499 58 613 258 421 960 930 193 710 242 362 157 462 731 940 649 40 250 980 587 247 407 498 762 678 503 623 49 549 742 488 224 304 397 700 22 940 89 623 387 253 104 284 832 54 985 477 2 841 831 301 755 422 141 806 425 265 470 404 342 933 595 573 163 719 625 70 786 749 820 841 215 583 749 447 990 60 363 227 63 784 192 747 649 101 324 587 
735 837 614 591 263 763 635 590 418 142 338 998 575 625 6 10 867 982 97 933 296 78 371 13 139 330 949 917 328 913 312 558 947 728 265 68 310 657 14 729 372 674 748 113 994 790 466 834 680 0 144 138 585 772 638 21 258 938 639 440 479 305 654 354 649 507 648 533 86 312 650 746 145 399 847 812 671 625 166 807 682 214 715 151 89 92 416 136 285 210 680 529 565 161 343 336 787 173 469 200 
807 672 680 498 906 818 798 700 758 509 848 969 928 960 83 809 992 732 355 895 725 317 123 53 745 630 503 966 108 920 336 846 528 617 491 909 613 987 994 122 197 929 427 262 552 419 268 339 961 886 888 966 492 907 57 358 885 423 526 42 571 317 665 428 528 821 545 559 208 176 75 555 250 157 155 152 206 391 582 134 367 740 652 613 869 956 855 763 268 860 745 379 215 149 454 501 963 81 68 662 
806 103 79 789 169 669 84 107 334 560 826 515 992 339 411 414 404 371 272 128 164 335 793 768 947 172 697 382 710 578 329 887 979 616 924 524 215 329 297 681 662 587 93 465 86 590 205 738 107 785 569 382 412 380 602 23 104 397 100 302 979 400 305 152 822 60 461 269 201 633 835 124 96 257 834 26 357 307 606 841 444 622 509 197 629 33 995 916 746 723 832 176 862 167 249 176 893 210 705 210 
64 368 917 164 952 465 11 145 539 558 815 437 408 797 694 980 499 85 986 561 221 354 366 839 128 381 957 175 399 94 783 711 779 297 435 584 680 29 981 471 598 643 869 159 931 982 614 742 601 354 986 669 215 288 297 742 209 888 458 344 831 566 950 200 780 997 790 295 457 264 17 594 932 172 239 651 775 495 434 728 149 903 613 409 660 19 853 222 11 132 287 561 131 407 403 175 636 295 896 653 
187 770 953 640 949 549 111 195 47 654 535 704 632 277 619 163 784 562 79 97 589 308 641 884 297 390 796 338 760 28 918 986 651 682 116 102 468 436 44 96 742 978 339 493 816 778 301 252 17 58 861 209 9 756 862 232 904 326 978 161 483 710 482 213 944 465 953 1 710 718 910 437 959 956 640 793 149 667 646 509 855 794 990 102 558 908 623 372 905 798 925 511 202 7 487 182 628 31 46 658 
38 624 692 13 670 341 357 102 283 379 443 214 196 12 459 643 727 529 467 111 472 308 798 994 206 837 990 708 39 336 371 431 949 247 262 987 482 316 701 411 757 458 601 37 995 708 629 498 713 529 431 452 96 91 760 621 616 753 694 172 146 599 898 677 133 517 57 247 746 471 166 893 861 434 27 89 832 401 680 612 858 956 605 767 512 212 578 739 333 429 849 472 626 537 125 209 293 942 251 507 
208 556 355 430 216 816 266 287 317 749 963 682 162 903 978 210 543 960 28 699 862 628 190 920 63 741 321 181 680 316 369 910 215 681 732 80 232 239 400 487 23 923 576 26 186 926 376 452 196 129 258 624 442 94 889 332 718 500 905 166 782 779 146 952 993 274 39 96 334 29 943 401 529 196 99 993 853 315 411 107 348 203 549 977 938 85 963 410 962 329 683 935 564 566 389 543 574 125 185 58 
998 475 552 191 128 805 18 926 565 862 661 373 152 801 956 724 199 875 464 98 27 592 895 355 465 156 396 880 307 394 814 695 71 442 184 172 14 99 584 734 628 568 174 477 912 317 228 251 878 953 817 808 704 947 15 106 319 717 239 606 476 221 152 545 492 151 182 520 572 581 800 7 408 578 198 229 256 166 79 550 412 945 729 2 449 884 685 155 148 324 686 530 509 792 914 992 925 24 487 377 
800 201 501 478 919 837 299 244 19 512 645 892 735 607 395 174 869 989 738 221 107 168 356 891 924 40 1 140 468 804 900 983 911 159 125 425 907 632 385 193 929 229 649 16 988 368 302 238 968 886 648 687 831 541 182 99 651 791 752 327 477 5 323 142 832 413 650 146 803 144 516 604 941 553 222 510 29 345 701 251 115 911 249 17 443 332 118 293 328 131 616 495 304 316 934 675 545 841 439 114 
714 284 751 478 899 358 221 432 236 529 637 952 628 565 955 701 991 984 203 817 308 578 558 946 839 269 344 125 333 170 990 83 486 135 363 400 436 917 288 623 250 87 513 441 533 323 978 98 210 206 425 339 853 146 205 512 959 661 545 699 224 902 248 454 711 646 602 231 147 600 405 85 998 589 837 86 90 357 644 30 482 968 771 365 300 945 339 785 752 555 101 219 522 205 769 207 476 66 493 421 
542 504 744 200 880 330 979 831 215 505 404 808 928 790 97 675 403 849 529 199 490 730 776 638 364 118 966 669 572 21 653 621 514 374 373 297 857 831 576 174 317 644 505 577 574 181 336 612 757 255 732 960 759 152 615 723 792 57 913 204 888 848 17 201 567 449 691 858 752 153 356 719 938 580 130 175 434 726 419 294 624 280 66 775 983 487 519 451 404 82 436 539 839 636 999 271 634 840 365 217 
981 184 191 336 541 396 200 180 816 700 655 502 687 203 101 602 522 838 946 939 963 905 982 165 848 835 496 62 512 262 447 119 359 32 959 970 818 645 928 403 703 680 948 181 68 747 679 553 859 914 978 324 662 870 955 429 345 969 801 633 782 177 559 1 230 670 581 420 880 928 56 662 104 817 716 681 597 753 378 644 305 8 482 168 438 941 876 546 142 423 792 644 166 706 958 335 363 15 858 19 
425 252 578 344 736 175 522 428 633 945 544 338 200 487 981 273 489 916 626 668 717 341 517 573 158 935 571 45 443 727 706 497 144 82 296 853 390 460 870 784 63 789 894 105 890 700 592 660 457 915 957 198 45 116 131 426 327 456 310 386 675 825 467 237 718 134 124 698 322 608 565 994 40 789 614 398 578 752 406 761 814 745 608 916 696 944 187 170 67 702 910 586 623 347 414 978 213 132 706 826 
871 139 321 176 555 98 573 766 362 685 111 925 419 237 961 293 967 603 254 812 678 441 660 684 869 427 203 859 471 907 248 650 809 235 415 802 262 276 934 859 660 78 492 504 15 407 25 173 232 54 847 869 300 861 48 502 597 283 490 32 891 803 466 514 625 787 177 31 32 723 125 733 618 192 714 187 939 299 356 782 67 876 78 492 830 62 858 697 459 988 258 999 743 758 571 375 220 887 627 995 
852 574 807 919 225 525 234 979 476 965 615 561 92 10 105 775 365 375 920 609 404 69 156 712 862 801 351 411 595 142 135 599 839 251 102 196 86 757 54 872 55 504 682 951 936 896 379 82 952 80 885 430 460 458 845 334 550 95 373 83 356 902 139 49 971 119 216 803 680 903 579 840 925 56 955 448 341 354 266 131 153 19 633 383 799 420 154 597 502 790 590 899 609 710 981 754 362 599 780 162 
147 636 811 790 581 58 38 579 753 466 493 410 433 898 827 716 985 323 354 542 895 890 324 385 898 396 333 289 794 844 541 236 722 962 565 863 704 490 596 922 15 670 189 742 84 434 17 219 815 526 347 516 152 33 870 87 864 539 432 0 418 910 726 450 47 204 281 995 286 948 998 909 639 892 4 360 177 863 131 963 714 471 481 468 850 831 307 810 119 275 706 712 28 445 448 896 823 709 793 221 
660 887 226 151 372 771 151 627 807 353 793 416 79 644 58 816 852 502 662 869 466 791 982 996 143 381 354 650 199 469 780 330 253 907 862 724 851 835 667 685 643 11 408 950 958 706 236 735 267 430 883 780 461 654 138 593 275 438 359 390 655 757 958 891 690 486 817 535 698 135 640 868 150 266 16 999 69 370 448 676 459 296 67 976 59 438 817 266 745 663 668 512 983 421 524 877 328 675 22 655 
939 334 511 668 471 244 0 338 106 487 712 348 930 145 126 811 728 660 828 778 793 532 130 664 984 74 713 8 108 482 425 604 791 832 676 558 486 873 200 794 545 29 126 297 888 623 195 699 212 644 701 142 606 962 687 753 806 874 940 216 997 403 795 794 854 691 963 297 86 921 32 761 230 73 423 422 804 400 34 911 154 431 231 824 836 230 764 14 164 859 300 74 417 907 168 142 401 117 521 951 
915 23 600 516 252 50 472 534 169 301 437 516 625 528 748 726 35 611 629 395 586 407 670 145 958 304 606 954 360 38 801 886 974 507 584 866 629 227 395 327 55 82 398 138 666 201 263 258 612 261 258 964 645 189 519 899 454 175 131 277 351 82 713 492 632 963 4 698 453 524 597 813 518 505 578 286 316 22 579 149 992 239 518 569 543 658 3 304 554 543 852 456 420 779 661 915 562 325 494 473 
313 843 360 296 788 803 706 212 547 504 512 61 521 877 232 663 942 479 242 679 92 935 4 67 35 804 226 520 796 410 308 881 441 715 913 505 780 632 777 777 681 396 899 77 417 932 897 491 485 316 203 267 292 237 450 319 609 950 114 475 812 53 948 157 403 633 330 838 146 897 79 240 860 784 816 815 905 81 846 800 476 935 213 898 951 688 600 775 494 980 4 990 771 541 670 13 536 832 926 394 
356 789 34 91 584 737 334 333 26 130 34 564 819 187 294 518 831 227 629 969 799 569 227 810 441 89 108 757 758 646 960 982 989 985 629 636 244 705 813 216 454 885 80 895 633 820 952 637 612 889 736 55 176 433 208 866 844 87 840 9 64 241 35 623 622 675 80 914 191 816 469 42 350 850 21 747 608 595 651 989 637 473 6 75 982 665 33 959 677 793 165 505 682 558 799 906 527 289 405 466 
847 602 276 847 994 116 198 926 76 231 867 736 267 677 91 814 165 927 37 826 106 139 336 551 363 351 119 178 63 464 471 283 944 202 102 160 851 96 928 336 271 236 603 733 970 749 927 809 967 823 513 599 820 818 934 821 776 76 227 439 242 932 100 27 549 171 413 198 127 85 895 615 806 1 508 916 251 221 848 517 843 843 213 919 275 547 380 267 893 662 436 175 191 32 575 262 653 128 588 718 
571 16 821 325 167 125 955 903 511 42 366 776 562 225 254 543 154 556 682 853 50 138 927 959 987 767 176 304 150 660 746 761 359 940 479 877 85 311 850 989 279 103 239 560 105 460 494 471 640 107 712 604 97 557 917 559 298 652 213 129 572 445 369 623 495 865 90 421 920 783 987 49 232 876 715 778 337 898 660 208 629 949 257 28 62 380 316 630 800 592 223 975 356 192 138 249 608 846 728 710 
552 318 625 189 621 775 980 784 970 693 400 329 287 397 98 154 784 75 508 894 90 708 313 19 894 345 120 530 839 516 712 675 956 10 473 85 313 727 709 729 855 984 581 916 724 881 431 496 482 327 105 909 667 403 760 20 784 427 276 998 699 222 735 151 349 214 605 529 960 766 495 252 653 919 424 434 577 23 594 475 265 867 466 574 811 319 974 289 494 569 278 379 501 43 968 291 977 772 423 653 
369 703 810 967 522 870 440 674 717 310 758 230 852 547 916 300 196 808 725 136 110 522 373 481 251 563 700 995 403 402 577 765 446 511 240 585 532 261 932 535 588 491 952 7 321 402 488 574 121 371 56 375 559 212 609 37 608 488 519 199 519 266 163 702 414 953 240 33 856 901 408 428 725 225 286 148 332 605 854 410 346 133 672 921 350 663 516 954 83 773 803 821 226 949 987 399 637 584 224 286 
281 414 378 265 574 312 211 141 142 776 407 403 324 757 30 400 38 781 726 297 247 368 308 483 187 811 552 281 707 426 553 669 748 190 104 270 99 672 234 429 972 192 895 173 972 46 696 264 736 821 530 601 765 620 714 553 974 29 740 713 406 874 598 466 977 510 508 913 424 688 865 454 465 297 847 958 418 311 2 323 692 918 886 798 522 125 490 433 984 756 592 537 509 860 273 96 395 716 100 161 
326 543 613 833 145 544 984 902 472 483 751 716 911 221 807 791 642 236 44 357 776 744 300 71 977 958 567 186 875 692 58 474 380 19 12 572 437 322 927 510 545 671 763 945 614 159 606 91 956 553 870 981 21 389 814 516 414 572 294 837 859 370 370 127 958 160 959 629 533 427 375 43 655 345 836 934 471 747 656 322 597 502 660 301 912 82 573 622 681 556 961 858 59 315 809 801 315 398 561 632 
829 600 987 390 952 87 590 930 150 46 11 659 443 112 845 889 132 559 424 33 804 231 834 287 875 286 195 638 204 405 646 937 442 926 754 413 272 936 421 819 95 937 406 262 45 870 200 447 508 98 210 98 74 615 49 372 245 122 42 751 850 178 814 346 102 891 493 276 76 829 622 189 221 932 147 47 958 909 436 993 83 232 500 192 132 891 614 478 61 105 205 141 34 861 674 130 427 454 315 521 
317 88 134 280 629 695 440 859 478 172 84 666 30 248 838 572 1 380 895 812 807 376 609 23 842 503 430 901 200 740 548 962 507 800 123 197 37 512 754 480 678 673 367 862 87 259 360 477 829 510 738 830 892 16 47 485 339 753 321 72 480 3 917 432 300 158 392 419 604 228 862 63 345 790 511 741 299 723 927 167 53 781 957 280 220 172 621 861 407 306 467 463 783 946 378 851 774 709 351 22 
136 324 968 38 272 613 780 91 73 57 935 161 296 734 798 941 431 54 177 630 65 408 797 851 909 819 391 388 660 695 744 923 134 388 660 756 413 846 625 712 660 797 827 948 133 813 327 846 821 317 171 797 987 420 812 301 243 706 832 609 28 565 877 379 528 383 693 438 556 354 29 339 281 349 754 836 555 396 79 954 66 379 999 267 337 37 337 733 914 53 161 33 951 0 374 106 506 340 110 389 
588 889 592 783 328 770 928 950 647 947 128 462 793 636 53 510 48 910 73 746 242 796 457 277 798 333 336 762 441 842 0 417 840 613 538 199 83 596 814 863 931 204 546 901 51 373 707 481 669 955 215 381 124 147 362 785 600 227 325 576 733 156 812 789 16 697 650 80 359 556 128 626 887 477 290 267 76 472 250 660 938 275 620 358 326 261 749 896 214 528 460 701 848 807 22 551 216 998 327 327 
441 709 518 935 983 253 81 907 280 689 340 754 223 163 423 467 309 16 324 753 756 674 668 34 680 192 841 40 459 510 198 850 794 849 304 860 7 740 410 543 667 862 271 126 262 568 503 265 765 925 458 810 188 310 116 979 918 960 94 803 59 348 615 193 849 614 97 228 674 907 721 368 838 186 705 584 20 575 919 711 430 666 724 383 351 734 266 107 488 435 87 976 87 453 78 336 526 329 93 457 
71 543 826 122 980 719 679 159 966 248 798 944 4 401 790 170 816 550 42 997 148 848 164 370 80 774 853 547 647 433 247 107 791 853 803 471 661 150 300 937 17 851 385 722 717 586 164 169 469 855 183 286 246 21 514 813 155 283 604 10 507 465 279 937 908 592 719 749 45 579 180 939 235 415 786 3 865 46 873 467 29 291 342 721 110 218 698 968 537 301 546 99 819 552 98 907 362 799 331 474 
847 647 225 540 330 71 312 487 918 195 669 439 875 859 870 79 883 578 801 309 680 564 573 815 4 455 625 30 518 751 162 667 163 383 177 610 36 855 736 385 628 973 254 515 343 311 404 19 808 848 963 188 979 840 611 946 115 621 353 526 835 52 890 51 310 118 849 38 725 180 0 632 74 131 24 442 947 812 265 20 472 890 619 504 126 345 844 655 678 808 928 984 585 308 896 907 70 874 778 983 
477 265 313 211 624 258 838 201 39 355 71 931 536 697 596 841 811 480 63 455 900 729 819 708 405 750 330 194 822 739 354 250 286 774 561 934 915 298 835 73 230 795 608 820 86 45 704 841 996 269 143 281 829 115 271 105 121 365 183 339 173 624 888 571 874 898 452 894 422 313 587 772 9 504 920 40 126 522 842 256 334 833 777 673 228 992 481 287 173 666 690 725 844 445 340 833 774 597 724 981 
129 868 617 940 944 969 56 488 183 895 478 783 800 797 806 829 60 366 130 830 751 836 407 27 364 73 986 574 53 916 671 673 846 746 646 409 616 415 759 423 628 219 518 586 176 748 749 136 225 294 798 338 807 992 740 202 517 826 180 177 805 513 206 756 663 859 762 234 533 542 238 624 157 632 715 812 480 402 696 291 689 97 82 805 328 324 406 128 979 100 977 997 11 799 770 404 115 179 504 339 
219 662 916 699 739 817 320 7 971 171 142 525 984 303 513 650 331 687 547 33 301 92 147 577 605 664 887 257 540 357 705 205 257 854 565 47 779 216 825 913 904 820 810 931 400 224 158 688 874 530 407 328 127 315 621 44 354 193 586 281 552 152 600 976 740 875 230 614 169 466 377 799 948 298 404 29 899 638 687 7 595 916 697 22 549 501 928 383 49 148 932 101 368 187 768 670 118 34 961 618 
680 202 10 830 212 215 148 918 773 875 502 838 566 709 100 485 316 363 765 56 678 37 698 617 569 353 374 524 558 597 316 195 464 141 682 7 512 664 259 587 100 678 982 417 109 460 323 201 943 547 139 888 751 477 298 164 970 581 370 292 516 874 791 493 328 65 80 922 610 415 610 698 210 366 586 421 388 240 731 204 404 653 635 756 326 498 406 560 856 792 484 608 964 165 547 753 698 795 460 755 
138 31 315 806 532 969 587 26 564 668 681 295 502 366 747 951 328 401 830 522 232 705 839 608 980 851 205 805 485 494 306 845 47 714 887 159 976 407 255 662 848 131 648 732 791 726 719 396 497 638 907 735 186 881 267 906 67 100 748 476 568 379 789 117 812 783 93 793 774 117 699 965 837 767 690 720 530 596 236 244 605 304 357 154 472 655 767 754 41 368 345 636 631 181 779 46 842 511 363 850 
660 722 966 583 442 615 991 846 412 341 166 501 405 553 713 915 97 721 175 94 574 737 12 170 499 684 34 722 549 790 805 698 16 6 165 918 871 682 509 97 557 673 995 455 482 837 828 625 372 349 845 529 684 262 822 237 697 58 580 153 914 227 167 266 492 954 408 856 882 193 877 157 1 771 397 326 591 217 59 966 119 204 657 821 33 786 119 396 391 398 518 294 53 113 900 869 799 287 841 357 
959 144 918 366 436 740 50 796 536 112 288 73 743 199 856 415 338 716 670 687 592 851 690 290 494 997 770 407 153 586 614 799 26 730 956 955 406 555 840 419 240 302 77 205 655 82 723 964 731 629 676 16 384 399 761 86 559 963 890 270 968 37 797 818 275 407 148 979 230 286 331 368 119 122 501 500 612 591 650 296 856 859 912 777 43 204 192 607 232 759 149 66 861 398 836 783 392 203 323 529 
20 481 947 76 157 757 768 179 85 137 547 656 856 930 287 39 118 604 364 728 592 689 490 545 445 345 646 304 103 244 403 936 754 556 727 768 412 876 377 670 906 900 961 237 330 298 791 891 534 813 972 30 855 358 72 721 212 639 732 734 803 386 863 785 921 421 906 900 27 956 477 39 178 772 321 947 441 787 141 802 382 872 481 507 142 85 855 26 895 565 59 739 607 377 763 88 760 442 34 123 
477 14 536 298 218 850 262 979 829 971 67 295 755 811 784 212 365 284 559 248 61 675 282 194 718 36 461 928 500 107 637 585 943 331 80 331 369 15 37 627 33 441 435 96 359 544 894 807 503 349 413 294 997 197 263 107 944 672 972 756 798 865 727 976 95 222 766 882 272 213 226 930 397 876 669 684 1 479 399 599 341 787 542 987 41 202 656 65 740 65 208 800 292 831 623 738 431 937 491 542 
97 659 782 343 911 680 701 431 529 7 354 472 50 304 629 805 507 660 596 78 410 55 427 726 577 172 552 305 285 709 787 462 39 783 985 179 676 42 74 299 941 599 527 781 93 56 298 65 875 992 590 58 822 536 362 576 788 331 516 964 178 786 385 710 405 716 976 526 16 262 367 146 262 870 540 114 530 189 134 761 830 138 165 396 636 72 762 324 951 828 278 390 5 512 98 850 588 35 313 845 
614 15 366 977 470 739 824 525 775 38 886 142 137 54 837 832 444 941 553 126 147 739 301 503 834 434 783 405 900 560 943 978 35 880 962 25 438 624 749 392 19 872 369 555 165 641 152 725 308 430 215 748 127 412 708 858 501 98 457 9 462 44 811 459 993 204 581 642 39 104 939 419 147 371 632 558 75 431 49 742 53 806 167 686 866 913 339 547 926 458 269 702 201 39 556 689 203 938 527 956 
623 276 656 788 126 636 357 848 801 70 771 762 751 530 594 622 420 639 734 228 976 36 472 590 87 31 898 622 84 645 831 951 6 894 992 325 367 169 911 240 943 387 853 39 548 638 862 370 569 835 276 727 305 924 208 426 681 660 737 200 101 169 721 836 43 579 432 922 124 983 37 146 496 842 518 563 794 53 136 352 85 968 775 608 527 181 397 860 131 592 442 228 746 175 402 112 102 125 398 886 
290 180 43 170 75 994 723 780 72 461 667 738 754 379 456 380 499 362 909 88 508 788 278 564 78 690 254 122 496 57 656 711 898 670 155 576 73 325 32 581 831 413 292 848 735 959 183 669 102 171 222 719 802 51 995 46 92 732 167 424 51 752 598 140 341 94 933 577 905 536 821 747 502 354 264 227 482 369 809 975 72 685 33 126 667 866 553 907 383 939 449 759 6 435 29 186 786 977 991 56 
532 66 711 289 512 304 420 29 676 36 329 364 626 703 321 660 587 784 329 613 569 682 432 4 330 777 433 480 522 191 510 676 23 243 148 803 687 441 903 784 788 671 531 424 46 811 284 516 331 567 694 584 925 168 189 841 291 956 996 392 261 402 424 236 205 882 976 417 697 670 480 751 854 786 731 730 71 943 635 565 594 408 698 457 203 212 135 358 196 270 700 46 707 597 459 873 908 774 409 653 
439 324 25 252 123 13 891 549 710 175 418 299 257 871 283 952 776 19 278 212 545 487 229 247 410 33 168 130 468 444 25 908 168 739 223 456 700 110 145 66 51 399 618 692 280 803 11 497 505 565 327 954 148 92 742 976 746 993 916 396 404 45 536 771 191 811 966 716 761 942 629 939 41 987 104 16 585 536 129 356 61 222 245 685 294 708 609 454 777 806 806 590 243 832 755 587 440 480 684 51 
757 513 904 995 668 273 846 54 338 340 407 846 109 218 153 578 410 356 840 894 935 623 790 307 240 384 380 61 869 32 900 832 894 630 4 569 764 605 678 833 729 469 257 394 57 359 707 925 840 754 75 748 618 251 347 429 308 882 394 859 647 431 408 458 301 65 995 462 980 24 117 757 130 951 421 898 747 580 736 810 55 588 436 352 56 702 197 987 790 596 928 689 719 338 348 672 938 736 462 458 
696 163 7 550 483 62 20 861 773 15 666 131 187 165 617 805 312 173 120 80 959 172 974 584 499 983 340 93 905 775 331 131 57 807 924 41 771 182 402 95 124 424 577 25 866 447 900 149 258 821 748 31 576 656 237 470 258 575 134 802 104 253 845 134 635 619 759 513 184 126 206 400 464 14 46 598 383 856 608 47 556 419 452 991 448 131 544 515 112 276 553 965 331 698 611 850 814 217 196 954 
120 912 635 329 872 50 860 334 86 648 842 710 354 90 947 39 47 747 435 489 772 723 633 631 438 992 378 578 422 310 796 234 982 837 925 880 336 478 703 758 942 629 691 668 932 295 594 890 767 777 828 431 465 419 264 616 91 110 667 162 916 880 310 890 523 859 102 196 3 595 641 135 207 890 521 465 976 552 237 506 679 414 501 567 115 686 674 990 324 690 367 670 430 433 725 279 988 973 510 703 
191 571 122 507 222 860 349 611 925 437 983 728 878 556 412 106 804 494 175 484 565 873 922 380 1 815 115 505 584 203 325 241 406 84 864 994 882 0 751 206 253 797 681 235 727 580 83 235 780 5 512 245 646 398 157 443 519 603 752 845 672 749 843 319 850 738 187 693 731 289 654 779 941 527 639 292 536 840 817 61 509 520 941 751 143 976 803 419 555 896 718 786 795 417 658 355 532 950 344 296 
900 934 106 740 515 917 521 765 389 180 775 597 600 104 939 68 950 638 743 254 251 611 113 29 168 256 165 54 554 33 508 978 627 543 802 879 529 329 34 256 641 949 907 549 576 101 697 193 848 571 130 767 577 0 348 970 50 120 336 531 23 353 80 107 204 883 654 533 49 128 824 961 593 833 655 930 280 272 179 58 873 881 268 646 364 404 557 758 771 530 299 463 82 590 80 175 793 426 840 779 
376 200 4 372 426 824 159 808 801 181 987 782 919 816 178 165 844 286 281 33 371 253 178 96 419 224 30 639 381 750 239 676 853 171 664 431 106 857 4 875 103 519 911 964 939 937 377 487 117 933 50 459 721 882 540 151 458 458 974 704 901 222 714 353 24 704 239 937 487 411 958 414 312 34 357 166 175 105 499 15 740 363 917 704 463 912 816 438 367 487 41 626 52 742 541 272 201 436 927 932 
659 472 34 632 43 452 212 411 256 148 595 586 212 638 171 698 784 281 44 549 965 373 640 290 543 68 13 479 411 464 424 567 504 447 901 445 553 970 434 312 109 201 128 144 555 617 715 829 307 202 704 518 992 22 763 531 43 297 309 482 112 318 675 709 724 491 440 635 943 719 318 21 647 330 429 566 571 736 48 993 130 381 425 583 932 151 393 121 905 642 433 144 989 859 127 658 183 146 286 218 
708 732 818 954 349 248 842 882 405 198 306 198 228 248 865 668 872 869 399 730 108 96 512 10 210 98 827 178 52 223 59 618 623 813 797 212 685 428 446 704 474 947 139 550 882 142 931 54 35 686 357 177 802 179 635 634 314 432 77 251 490 921 973 389 430 73 224 939 358 730 870 36 920 332 995 108 324 436 581 673 296 447 279 62 801 592 313 599 319 448 2 961 64 40 723 677 78 585 568 327 
881 403 62 344 21 19 239 191 272 647 790 30 337 163 714 77 330 649 377 774 191 564 166 991 107 64 753 905 864 796 784 447 850 276 502 940 122 303 37 597 622 312 846 674 694 203 82 190 981 23 892 870 311 137 514 928 242 721 736 452 635 624 235 997 53 68 696 98 56 377 921 581 322 427 807 405 845 786 487 958 20 54 449 725 644 749 387 442 214 78 817 427 97 605 391 328 33 233 219 446 
352 823 458 560 622 86 283 642 292 769 952 956 154 243 476 590 469 983 511 96 174 496 134 911 231 664 937 412 622 654 780 187 105 332 351 553 684 835 956 108 921 739 593 42 179 550 421 126 674 767 836 424 675 741 970 141 65 292 372 967 472 794 53 836 878 730 375 230 787 276 402 449 110 336 827 809 837 454 701 542 176 755 836 782 179 318 465 987 606 330 444 305 25 13 802 118 347 456 282 211 
720 969 313 682 422 897 249 548 74 336 883 331 426 141 850 51 846 103 792 906 320 274 751 589 27 86 962 500 601 889 681 297 226 479 674 772 371 517 308 393 201 381 259 577 578 780 252 705 830 699 131 381 741 596 84 529 665 57 664 513 801 953 642 547 259 4 944 285 158 381 789 665 730 442 821 126 734 648 659 757 219 334 631 781 509 25 82 456 547 70 265 129 82 977 81 525 511 377 186 380 
994 749 403 815 495 307 303 978 763 800 102 675 773 507 727 136 877 337 48 942 267 928 271 199 978 257 937 676 767 618 594 777 789 436 876 561 270 753 468 82 511 256 15 665 375 424 177 265 74 525 607 930 218 978 166 627 644 871 421 440 675 830 206 966 762 913 347 382 374 741 691 937 231 543 513 933 778 142 75 537 241 713 777 615 305 2 585 389 414 27 927 977 992 168 859 762 859 585 245 821 
420 452 405 972 753 697 121 884 717 775 843 976 231 254 880 644 439 721 200 855 765 153 492 148 535 227 297 718 412 312 679 949 717 195 724 588 851 849 995 325 685 685 756 433 244 165 942 457 622 419 336 511 972 291 782 547 53 587 26 44 934 77 347 950 540 32 720 186 777 874 103 205 426 311 748 54 349 305 573 70 937 315 136 565 223 764 160 109 109 757 712 792 421 816 419 422 754 116 966 416 
907 191 185 210 114 816 855 797 747 946 276 339 871 423 739 299 757 393 916 302 350 910 469 808 254 949 73 604 708 992 20 206 428 817 517 696 369 467 36 446 664 865 140 47 1 662 593 959 110 163 864 0 64 17 825 279 835 104 556 619 784 694 133 997 135 211 782 285 308 196 45 364 57 422 322 472 343 814 679 48 371 469 480 174 11 399 431 53 458 752 684 942 918 343 699 461 91 974 572 395 
448 61 413 150 869 149 475 453 879 341 369 858 5 447 350 86 596 230 160 754 804 649 485 377 571 848 210 919 188 331 67 425 282 944 311 329 348 68 326 109 880 532 777 444 365 47 852 636 245 408 79 947 745 62 600 631 241 975 675 810 71 739 402 185 682 9 661 909 672 402 310 601 867 768 848 563 939 440 49 365 960 693 283 702 388 552 307 83 920 517 366 763 625 743 52 49 606 194 560 523 
444 611 36 552 558 744 723 277 32 397 796 951 809 620 854 46 699 658 299 436 414 891 779 300 592 54 604 44 91 265 126 298 349 980 173 944 0 53 695 792 860 703 561 270 689 740 858 782 983 630 128 260 129 436 403 865 36 713 495 375 247 416 698 377 739 550 944 318 52 932 179 604 347 391 939 529 575 292 827 611 472 481 51 872 548 366 442 36 891 529 268 366 843 202 494 110 12 211 247 470 
302 410 339 593 256 406 794 4 113 951 371 523 109 734 739 988 749 445 244 50 805 792 696 316 566 383 319 338 989 576 90 298 642 984 899 921 711 378 336 208 167 119 235 270 31 268 600 997 177 631 139 822 15 336 259 705 287 636 8 16 743 351 484 892 403 728 416 582 666 899 103 58 895 65 429 798 822 659 754 959 711 173 349 893 380 813 168 327 495 751 813 126 691 665 720 735 797 186 740 890 
33 225 497 719 524 807 607 97 88 625 167 550 226 53 514 529 926 363 238 177 248 816 72 414 528 546 995 759 859 346 374 393 703 295 821 378 20 926 239 539 788 431 322 541 291 863 856 182 890 537 764 159 477 393 200 165 170 689 326 423 9 500 24 231 345 511 196 332 898 793 50 883 33 819 242 3 546 979 238 858 713 94 978 972 643 93 918 796 842 899 292 131 848 183 209 316 411 451 168 943 
727 580 434 32 624 506 843 393 383 384 141 560 951 424 822 258 328 509 522 475 820 712 71 166 955 827 538 532 72 600 67 20 512 324 816 227 89 139 429 159 274 668 817 914 151 92 230 267 587 241 653 800 970 202 844 443 277 116 644 687 347 33 937 480 496 529 438 842 186 7 681 444 308 946 941 422 488 487 761 564 542 230 677 537 896 863 570 393 934 570 593 557 285 282 10 722 625 169 174 758 
742 302 628 426 637 321 6 107 725 720 723 172 698 575 746 918 928 733 250 18 400 873 133 489 885 183 990 318 510 437 132 857 288 741 32 352 597 328 48 386 129 184 247 486 781 946 89 828 918 513 187 122 275 475 995 169 609 489 99 251 335 810 521 241 835 107 399 21 225 10 551 475 229 798 950 69 103 260 955 790 629 431 461 69 933 86 434 458 474 598 137 688 258 666 709 870 515 187 692 125 
442 855 674 524 876 322 515 125 13 325 888 308 695 123 981 799 972 812 279 114 816 620 670 734 205 866 167 745 13 974 600 505 864 371 182 556 940 967 44 45 306 26 624 499 510 685 842 704 378 126 987 95 186 624 906 84 450 370 577 342 394 669 61 750 612 412 672 798 383 304 869 270 573 746 906 446 626 42 700 194 4 768 949 366 636 440 904 666 80 460 457 375 264 254 785 768 389 420 829 417 
549 802 955 590 483 531 435 426 243 353 709 588 10 669 132 981 674 197 22 186 247 957 216 736 600 118 159 119 668 833 302 321 995 130 954 346 689 747 326 481 430 456 708 460 159 634 168 485 19 569 403 618 632 402 220 488 41 947 950 908 795 223 216 911 940 448 820 978 566 653 806 350 834 13 821 914 165 847 605 156 400 449 582 880 63 822 801 591 885 57 759 359 354 440 147 1 103 118 538 146 
605 509 427 925 937 432 537 743 50 120 732 678 577 517 945 760 464 379 501 995 491 606 237 149 351 425 440 623 344 730 539 388 176 664 725 359 970 341 636 248 331 834 509 71 846 88 327 198 368 908 291 127 497 150 733 533 104 842 442 318 448 188 877 246 329 453 715 947 420 495 951 17 602 459 707 129 663 862 545 259 276 947 47 508 33 329 167 233 341 709 754 904 725 954 720 312 789 935 17 357 
841 337 144 204 27 965 615 643 250 792 975 231 752 249 211 276 6 337 888 302 558 915 847 878 163 630 454 767 486 270 236 806 23 581 994 691 359 953 808 989 728 451 642 253 403 482 505 389 223 757 569 884 328 769 471 403 664 807 877 218 48 111 799 804 620 743 520 936 529 988 408 650 478 32 252 22 627 249 36 289 594 706 809 372 99 455 215 798 907 930 49 853 63 100 904 876 60 373 889 705 
515 48 969 388 406 830 654 816 140 581 270 184 83 610 11 686 404 352 742 266 451 964 936 481 632 873 16 449 662 443 738 148 243 397 511 907 476 187 457 672 867 556 975 414 881 472 759 846 173 281 596 698 19 519 458 367 667 268 172 315 570 800 318 65 259 636 118 511 514 812 567 199 454 145 513 247 429 614 701 576 130 407 927 706 220 861 892 984 179 532 257 239 18 555 743 473 5 785 389 58 
650 332 151 70 64 537 26 727 84 819 502 451 298 553 328 731 171 368 541 101 754 426 209 6 782 620 493 347 277 329 305 131 295 350 941 574 569 495 845 35 782 413 255 786 388 280 495 151 238 26 72 243 174 617 661 121 247 600 99 288 384 560 909 379 49 756 84 99 155 238 200 745 101 270 43 611 261 854 854 982 809 153 80 143 858 292 477 628 261 523 331 64 786 651 692 957 505 184 268 598 
907 152 745 584 267 901 270 868 642 649 402 960 439 259 201 707 13 903 445 761 846 558 781 414 254 286 127 346 78 754 582 159 569 445 452 143 241 768 805 141 182 357 545 884 93 938 46 443 256 939 496 355 515 685 48 6 318 565 488 253 435 604 976 173 195 338 711 193 858 5 525 574 957 890 469 696 99 585 256 670 466 297 700 29 669 199 368 784 648 685 293 382 846 346 685 320 888 948 677 245 
595 138 861 313 709 69 328 767 525 277 23 357 724 490 81 393 599 678 759 202 15 15 588 582 713 361 170 412 899 565 742 985 53 586 660 984 673 704 672 55 115 589 510 936 631 133 335 537 5 346 25 69 725 472 959 677 568 89 956 341 326 527 606 95 689 354 798 223 508 228 409 992 383 948 939 75 852 402 711 969 95 480 57 126 943 802 458 569 932 422 399 994 144 780 191 195 389 57 83 240 
968 857 589 777 327 712 322 498 704 276 307 454 217 674 28 955 764 9 782 579 445 695 898 139 23 788 51 862 596 199 108 977 507 925 948 500 604 466 339 668 121 627 590 744 3 517 327 369 731 656 25 644 407 624 862 801 528 27 423 689 44 317 340 354 483 979 708 833 365 586 654 45 794 377 429 758 720 116 646 871 471 308 948 722 997 14 666 26 801 330 14 556 56 913 117 71 473 609 641 487 
165 122 71 254 896 40 103 456 246 528 378 130 237 325 715 230 869 774 912 46 700 482 863 982 294 785 569 815 881 871 946 558 845 739 973 622 461 763 867 969 211 134 778 849 274 692 570 915 88 786 71 332 768 368 434 517 173 42 960 8 209 580 829 341 444 376 569 18 452 647 2 705 190 917 598 416 103 659 192 498 72 84 54 455 911 738 489 864 2 676 831 417 641 39 341 406 633 968 463 441 
87 464 314 774 98 120 525 797 833 647 112 110 681 111 367 622 855 447 934 473 715 243 265 857 854 531 35 525 684 494 838 303 663 993 521 464 957 355 272 678 991 929 473 162 62 955 278 210 552 809 178 381 563 439 801 24 80 886 761 226 379 766 545 734 10 72 346 811 553 541 809 303 797 970 647 196 324 663 520 24 11 977 718 189 787 311 268 947 722 54 632 259 278 650 188 934 627 272 129 835 
739 187 501 199 770 431 858 485 552 870 796 178 731 141 589 330 140 764 18 13 899 267 594 567 879 332 810 494 206 677 904 845 385 126 993 285 11 404 392 984 695 135 881 946 471 229 34 834 872 571 917 21 845 198 163 783 345 104 308 537 81 582 672 449 855 5 915 269 2 37 823 661 607 316 632 452 202 967 637 584 544 1 452 833 304 689 768 901 439 101 706 989 350 619 798 697 46 214 205 598 
73 277 273 202 462 947 679 100 685 583 526 785 347 79 779 534 656 265 822 183 378 420 212 499 73 928 759 467 584 448 667 323 734 205 973 167 935 669 223 122 661 442 826 366 440 988 490 768 931 664 648 53 920 733 8 650 376 780 427 478 657 101 787 285 179 273 615 604 667 690 866 238 614 828 452 913 393 340 348 730 869 673 178 352 622 496 284 691 135 352 593 682 497 367 319 158 508 253 498 754 
930 15 834 943 18 203 673 99 149 660 715 544 244 897 246 689 786 864 807 241 434 404 298 255 406 700 685 62 389 838 607 258 685 574 221 524 335 236 963 732 379 598 693 240 348 405 721 990 409 723 569 189 472 893 678 907 936 154 81 588 249 976 560 155 360 888 898 969 657 45 801 773 873 616 219 809 897 116 791 190 801 121 866 405 851 140 100 543 849 182 477 322 716 190 733 942 618 151 831 7 
974 227 913 308 585 186 323 801 558 846 691 885 131 80 996 829 271 815 267 997 356 578 450 941 529 10 618 879 635 10 411 170 679 384 605 509 865 778 812 470 826 155 101 858 135 567 659 845 124 46 731 11 282 840 355 359 27 917 912 30 985 486 412 561 243 700 307 239 284 480 23 971 643 591 445 776 483 926 438 581 670 228 128 589 688 427 5 376 605 480 2 626 776 362 615 243 181 395 533 150 
249 16 123 742 100 22 919 125 667 570 494 515 361 454 223 929 990 600 328 859 477 906 416 393 313 44 187 49 583 800 732 757 811 791 590 409 79 809 337 379 260 312 271 5 869 873 394 940 873 533 531 844 333 778 57 421 614 198 250 672 351 358 390 108 136 458 412 33 672 68 803 349 333 363 397 740 242 932 308 730 830 173 513 252 371 833 258 248 550 798 247 744 475 552 830 959 111 250 759 831 
321 818 226 35 290 42 885 674 681 291 597 211 36 544 974 801 394 46 375 457 253 823 539 834 920 981 856 302 309 761 455 522 975 412 785 802 413 297 70 499 816 752 151 682 507 171 931 930 117 624 759 211 418 596 769 811 440 508 921 365 487 515 792 917 508 932 800 883 522 573 476 935 199 493 584 210 604 234 296 748 580 260 621 129 944 177 957 276 543 67 127 337 749 273 665 765 762 598 83 241 
83 569 520 683 128 332 659 207 130 957 828 403 613 460 187 845 97 672 6 762 286 915 242 547 528 898 791 522 861 864 762 431 980 479 207 208 476 604 900 55 454 241 4 373 33 418 144 62 541 281 501 125 474 228 618 181 543 717 731 127 227 328 296 896 399 483 231 226 191 740 419 230 772 414 991 52 549 620 263 730 939 351 996 701 944 256 128 845 189 305 855 967 495 642 55 417 807 173 618 182 
105 707 408 474 673 763 886 890 342 862 863 334 222 244 52 894 768 674 54 753 863 191 201 985 605 691 240 346 960 82 351 484 459 721 99 7 30 285 873 339 560 5 834 999 486 833 209 314 337 673 271 552 460 698 469 108 3 623 114 472 340 543 853 580 172 990 725 948 180 466 729 284 932 786 42 671 606 536 52 889 751 492 813 819 947 827 353 959 14 623 750 486 63 722 791 198 981 547 724 528 
301 737 127 983 709 642 545 134 960 111 915 528 490 592 357 562 194 771 758 223 82 187 741 217 548 612 571 400 783 410 393 547 195 516 433 175 166 233 845 523 978 597 82 441 609 10 933 918 575 761 330 247 718 91 494 712 60 336 680 251 932 857 768 876 972 314 823 832 533 387 274 496 803 140 15 973 920 81 150 662 656 256 348 259 499 479 30 751 802 612 867 951 650 524 483 915 285 66 253 310 
731 341 227 346 86 732 521 314 360 578 695 789 187 209 444 898 832 693 671 493 970 157 289 19 205 687 324 101 401 434 37 706 889 269 177 858 644 183 825 530 363 924 937 213 4 646 249 954 285 153 500 841 46 960 439 776 545 256 1 92 143 912 987 161 308 686 467 243 42 633 383 12 560 1 895 208 139 146 435 213 759 295 229 908 886 869 677 677 661 804 764 953 106 151 817 534 332 314 935 872 
554 531 231 205 466 164 337 416 633 632 658 503 968 989 138 518 451 928 961 84 363 793 44 275 141 766 628 491 405 190 182 869 151 575 725 241 198 965 613 75 517 678 716 420 384 26 162 631 504 822 405 843 959 91 612 193 313 364 149 48 526 439 362 730 426 610 569 853 294 338 450 403 800 858 25 228 381 900 366 136 668 592 528 903 793 20 949 73 277 198 103 130 427 959 479 135 570 468 320 875 
103 707 575 23 108 993 958 392 84 762 24 574 386 466 704 741 846 894 141 627 719 924 499 886 68 634 237 712 446 76 236 480 642 709 443 151 252 505 423 988 78 565 376 478 969 812 695 810 198 286 594 907 907 684 383 875 900 337 986 114 120 903 236 202 916 858 925 457 443 104 889 451 742 245 16 547 90 832 163 277 71 162 705 579 300 731 123 881 764 525 241 432 626 286 596 788 662 462 20 495 
500 879 566 55 262 903 452 580 985 536 348 81 581 712 268 978 366 743 433 945 224 477 662 95 333 62 13 584 909 467 243 165 787 575 987 819 185 9 19 835 562 690 753 280 803 730 653 791 973 383 741 588 249 104 265 198 1 851 970 312 139 515 439 451 788 71 54 717 283 491 706 315 952 397 608 789 743 907 535 592 257 100 856 511 976 966 402 81 693 352 917 457 63 522 139 605 28 919 875 680 
915 608 580 514 265 631 398 334 66 505 511 947 161 352 376 647 294 974 912 600 561 443 202 801 494 786 726 756 529 863 792 832 99 324 702 93 289 330 95 16 246 558 718 629 499 327 291 786 28 776 95 10 203 776 974 892 84 844 428 435 104 644 356 328 877 975 984 571 188 569 564 941 117 546 518 475 749 47 444 461 384 241 631 255 975 475 307 699 774 73 452 147 9 258 759 946 293 544 600 83 
