863 239 110 690 134 199 919 480 360 931 835 687 36 948 829 243 257 834 745 613 569 809 593 116 760 249 458 999 415 878 563 863 703 854 592 606 354 649 44 485 868 513 308 541 723 352 480 635 751 835 654 844 45 160 839 729 193 123 661 730 406 524 400 964 138 107 410 626 130 886 372 338 648 252 704 294 239 698 89 816 109 945 502 8 170 240 485 224 847 992 605 929 313 655 565 854 615 112 707 740 
543 322 105 451 406 286 122 169 608 538 669 97 161 718 114 975 128 425 682 443 240 442 557 171 112 492 914 772 541 394 124 778 635 397 407 732 462 928 707 209 876 301 768 950 363 659 740 874 48 645 7 353 77 7 548 612 556 218 212 884 958 769 686 290 405 322 53 284 674 570 477 862 420 264 868 380 417 883 230 921 576 426 782 418 904 561 586 618 234 706 787 709 154 534 634 890 200 470 299 209 
12 644 550 595 100 690 137 632 322 472 141 667 904 566 362 917 526 783 940 971 590 837 81 310 283 585 875 603 91 645 741 969 548 347 772 171 430 155 178 484 753 372 742 953 48 282 399 32 566 885 258 203 692 819 834 931 24 453 48 881 913 871 307 303 234 394 192 736 17 19 620 825 494 266 185 259 905 105 68 592 75 221 0 784 673 232 837 71 181 923 910 723 674 472 832 78 463 814 835 583 
819 120 571 659 561 979 985 723 990 147 382 974 851 766 82 180 908 717 880 658 351 160 59 454 319 495 281 836 534 40 805 322 822 963 434 718 162 31 786 903 102 907 370 761 15 402 994 862 463 920 887 270 482 921 572 228 169 13 734 12 504 143 966 375 903 849 693 308 286 950 777 937 163 387 518 316 933 738 723 287 734 320 744 520 70 996 677 196 149 65 576 970 672 155 513 368 603 339 727 657 
68 808 138 511 857 444 98 956 775 586 890 648 355 75 699 244 5 625 763 161 424 206 519 704 372 9 90 232 663 455 207 883 846 467 349 514 181 15 993 986 20 60 643 174 595 696 819 183 748 888 892 825 485 592 990 388 700 486 939 508 25 247 893 406 556 509 890 306 927 659 903 445 662 345 191 197 72 977 413 305 119 270 841 768 2 540 767 770 501 828 763 979 557 225 735 193 925 894 2 467 
907 704 311 56 359 460 225 16 481 100 534 616 417 630 139 827 243 511 860 212 627 425 692 792 451 265 809 912 618 334 135 69 974 506 119 87 406 297 180 204 239 206 335 575 724 481 646 22 834 620 718 329 382 435 304 88 818 302 456 474 663 116 325 740 643 129 687 729 8 952 800 767 682 398 341 613 208 585 318 639 562 480 787 692 6 154 974 766 537 390 53 569 895 778 740 533 19 990 447 943 
692 853 91 992 458 162 783 284 128 488 224 704 169 625 957 864 666 940 188 661 230 35 811 71 441 709 192 925 127 377 698 701 646 521 89 538 844 602 791 466 492 199 632 537 767 613 471 873 704 771 873 930 557 522 86 1 746 855 795 153 359 142 258 865 456 411 767 298 22 930 920 903 706 94 966 773 939 617 938 867 173 852 734 359 997 909 549 238 351 131 233 696 545 93 307 195 630 870 851 835 
327 46 33 510 234 370 886 959 106 589 146 385 371 510 519 853 50 514 36 746 249 879 266 280 638 671 51 526 507 951 436 761 905 381 89 416 868 82 795 391 494 343 874 979 797 319 567 101 111 219 199 601 835 606 984 547 880 603 881 387 896 642 402 573 120 215 321 546 129 755 818 120 382 889 996 518 876 581 852 960 845 394 882 781 56 969 946 495 460 133 245 173 709 244 815 875 158 306 924 162 
407 845 598 776 738 445 550 977 741 971 878 859 786 963 604 626 310 30 933 563 144 75 284 289 878 651 485 993 395 311 531 26 842 875 23 268 79 467 734 618 769 351 222 277 312 202 952 49 843 524 508 176 285 349 60 117 809 212 312 603 203 560 463 514 343 922 540 460 450 0 602 812 204 836 754 885 955 438 196 667 644 729 49 869 548 777 96 650 758 84 66 426 742 645 331 516 705 235 186 68 
665 621 576 857 988 841 617 555 908 79 106 994 369 871 867 620 143 772 366 21 850 265 275 216 835 235 359 783 350 319 841 754 239 34 892 661 236 263 754 239 502 50 396 485 946 840 906 96 587 232 679 424 852 445 403 501 674 769 552 875 305 883 711 26 590 140 78 315 8 146 757 177 850 84 291 918 399 539 348 144 206 693 906 6 430 819 275 369 34 72 101 754 611 562 789 26 135 698 889 24 
309 48 416 441 147 675 420 98 760 750 80 974 881 991 776 409 504 491 569 779 767 668 657 209 352 329 957 880 598 287 817 488 703 696 4 535 173 828 328 298 888 741 790 22 546 951 561 91 91 784 929 14 58 432 710 509 411 139 968 583 307 827 921 612 2 506 925 404 520 372 857 486 350 874 976 606 42 822 647 528 954 856 431 95 592 873 913 775 911 251 529 626 19 529 307 857 452 418 925 410 
981 323 226 982 22 820 182 527 41 391 646 939 696 451 448 436 770 124 286 625 741 741 890 202 978 60 448 298 621 72 553 535 755 323 130 709 647 935 19 240 248 178 626 929 76 284 691 155 91 818 625 659 783 358 941 468 745 708 702 588 742 671 111 713 45 833 896 290 485 959 711 539 581 657 666 713 416 158 184 826 469 696 763 937 121 889 780 257 209 824 686 853 282 685 7 490 466 489 124 385 
607 619 432 306 62 775 225 997 869 584 393 404 837 378 629 838 940 997 336 684 159 806 619 328 167 906 703 645 158 559 928 622 438 291 994 440 922 161 542 899 226 844 171 736 216 133 731 166 789 864 236 220 339 499 886 857 620 658 623 314 464 904 588 790 894 688 804 940 810 218 300 322 583 690 934 751 772 275 704 695 84 124 14 394 736 487 602 627 562 107 41 275 870 889 832 348 554 796 36 193 
341 824 588 484 511 484 632 197 96 131 534 913 448 381 784 706 536 28 331 670 933 734 515 134 661 462 210 971 373 692 671 284 283 502 103 480 80 477 128 846 700 80 909 233 370 966 356 769 370 267 352 222 837 252 434 282 383 673 647 633 700 527 681 364 913 417 496 213 840 493 245 117 963 631 884 256 547 669 826 614 778 315 856 683 927 790 405 703 432 37 794 188 930 750 81 494 143 31 975 827 
513 24 312 891 614 175 147 817 228 446 455 336 626 263 196 570 741 30 220 873 148 862 679 554 250 230 739 443 758 354 262 124 110 763 778 904 760 746 982 335 665 174 931 141 457 296 782 285 418 159 188 490 94 399 829 646 566 810 465 296 703 943 491 971 657 11 713 42 390 804 707 118 970 308 679 660 982 558 904 248 400 355 121 5 457 426 16 885 101 135 66 930 946 467 821 126 471 632 701 88 
68 295 790 151 412 310 246 203 596 629 932 190 872 892 151 491 406 243 870 45 724 399 662 340 341 649 348 409 606 320 397 666 294 495 392 317 867 88 514 953 427 305 757 133 298 200 697 905 871 767 302 492 8 414 204 396 74 243 58 272 301 967 438 769 486 701 675 556 700 194 808 136 24 20 230 167 370 200 820 484 71 891 887 939 405 830 635 207 912 242 152 827 372 699 787 909 21 554 917 935 
593 117 918 592 967 740 917 479 811 41 19 89 198 485 299 172 347 63 492 832 703 153 95 36 97 200 868 234 633 353 208 122 489 866 41 899 133 217 57 166 159 534 615 302 610 518 52 802 550 74 970 417 70 750 224 907 743 874 716 166 268 160 180 507 784 856 107 637 552 147 889 858 136 236 650 78 62 862 350 909 210 146 801 776 530 288 430 532 825 709 704 509 308 577 720 291 450 701 677 211 
778 814 54 605 293 500 927 931 911 626 773 497 902 531 379 599 203 89 121 822 804 254 933 996 465 686 220 27 811 152 145 587 512 325 935 585 224 896 966 491 290 372 490 154 122 999 157 131 87 139 653 114 700 813 662 212 817 902 582 802 307 912 674 986 469 604 486 180 951 488 59 725 78 905 514 968 422 51 110 703 969 971 22 308 549 569 95 239 345 758 543 165 277 741 455 424 275 250 281 347 
969 440 121 206 984 154 816 953 639 215 882 366 869 782 250 233 196 213 451 743 35 26 442 107 913 807 129 476 454 404 610 568 13 571 670 189 525 123 383 396 882 972 517 101 320 970 48 862 207 182 401 22 588 942 65 407 950 426 566 912 282 491 114 246 954 134 960 629 316 118 835 563 381 592 826 184 146 678 827 32 91 502 585 165 87 989 259 683 511 100 844 457 842 41 574 25 349 263 103 242 
473 821 988 809 333 663 105 209 138 722 547 428 571 820 878 548 43 507 96 681 200 407 829 467 325 632 646 757 541 403 946 634 950 334 614 661 128 91 499 360 723 723 819 307 933 775 266 158 693 139 901 920 200 946 192 303 200 977 106 147 582 945 544 945 472 311 997 108 481 334 497 931 812 35 578 833 56 447 42 957 438 59 330 963 955 966 885 490 437 165 206 861 574 53 304 700 841 7 798 731 
796 728 118 385 833 597 683 317 77 508 3 34 668 780 965 414 139 544 965 60 167 950 454 134 199 169 400 915 823 748 310 607 831 605 116 573 311 659 84 752 472 999 403 701 480 471 577 298 366 862 688 67 43 231 869 20 58 544 89 342 53 388 636 189 294 854 238 39 522 941 542 140 484 697 923 55 236 688 597 394 613 612 910 552 317 223 759 933 714 900 452 181 738 615 715 907 16 939 795 614 
391 963 495 960 533 214 240 311 193 524 75 409 222 125 346 696 228 380 796 950 175 824 373 12 258 908 627 141 128 47 985 424 806 517 9 80 567 953 467 797 264 921 910 529 216 258 245 988 685 628 13 24 236 594 704 312 610 691 340 560 709 105 425 854 363 361 142 184 19 126 541 675 232 722 714 352 693 197 781 545 821 802 564 522 250 304 889 991 495 88 719 698 286 630 750 538 335 338 488 586 
485 946 451 923 490 761 125 616 760 408 909 344 682 595 755 900 348 209 202 35 258 441 2 853 434 660 774 811 244 377 440 371 859 794 122 619 428 807 335 709 687 371 43 743 883 10 951 275 911 985 509 868 521 383 452 452 687 710 760 885 847 439 888 982 497 609 522 843 890 303 561 555 371 287 57 626 270 468 36 796 304 49 868 575 672 672 832 442 613 229 513 787 627 555 317 995 824 754 547 542 
570 3 134 404 989 677 236 503 507 80 394 645 554 652 991 298 68 528 712 406 127 271 313 613 676 858 306 441 290 952 901 579 174 663 19 951 544 996 91 641 933 134 340 840 407 523 662 477 465 424 857 71 298 422 525 576 73 491 754 997 875 903 491 694 577 875 926 489 75 930 484 639 604 231 351 638 517 667 593 242 311 285 202 722 348 746 123 845 348 159 309 953 199 250 976 3 460 639 509 401 
361 396 147 772 732 214 304 601 463 518 309 327 380 761 167 663 80 854 215 308 166 9 163 275 546 187 773 424 134 673 655 274 530 366 631 665 149 262 609 40 291 520 566 944 444 470 721 856 656 474 576 201 61 873 88 389 751 880 752 309 576 940 481 183 429 305 596 157 294 246 282 660 672 352 228 125 550 717 201 651 302 647 278 701 51 183 839 670 242 786 547 427 211 563 222 815 67 271 693 904 
845 394 35 332 62 206 192 555 341 918 566 713 812 925 521 327 969 184 338 64 801 278 49 387 883 163 59 22 467 351 684 183 333 12 485 869 895 501 604 684 242 551 986 51 28 193 341 679 355 725 706 751 534 575 237 251 665 845 826 852 415 440 247 222 778 990 496 4 627 470 23 794 403 83 49 790 574 348 511 906 793 530 328 752 13 895 73 861 623 542 204 528 697 363 448 14 905 780 343 314 
568 444 655 783 504 905 269 999 139 645 268 268 402 935 627 433 356 33 830 351 575 206 972 878 565 242 260 540 680 768 561 70 291 601 958 94 345 163 632 594 308 171 753 72 78 757 301 2 608 755 425 312 238 41 18 162 860 670 289 553 296 83 95 428 220 47 346 602 188 127 571 660 117 70 488 378 945 807 711 459 119 814 995 56 770 602 26 947 754 559 410 333 31 721 472 159 747 610 794 972 
700 379 127 511 189 526 881 941 108 899 451 29 319 132 860 749 62 432 308 934 305 605 114 958 142 529 213 254 402 172 438 707 930 866 450 487 402 261 635 707 389 998 228 364 920 812 508 497 647 4 86 40 636 813 932 173 636 326 122 136 272 935 425 340 566 955 800 423 527 404 380 875 620 576 342 758 73 619 72 679 830 703 89 104 38 951 704 343 907 471 891 946 893 742 167 273 881 855 602 221 
695 762 547 601 110 715 7 842 691 122 90 36 35 940 219 787 896 564 438 968 754 704 786 971 240 7 674 945 652 184 961 836 622 98 690 446 90 527 411 370 794 626 670 545 356 971 520 362 492 216 99 620 109 763 784 927 355 801 97 116 581 737 923 802 925 310 798 826 999 268 221 333 641 337 657 989 400 726 795 500 207 463 500 874 22 32 793 81 887 24 302 317 152 753 833 229 644 631 982 947 
415 206 92 881 633 681 404 593 207 776 381 613 702 32 490 268 500 436 933 479 610 294 197 383 826 107 59 507 658 640 430 559 771 540 108 316 100 55 843 797 698 697 530 585 624 486 88 889 315 54 217 791 651 661 956 470 201 926 470 353 3 582 157 559 5 499 217 224 87 409 623 258 881 258 508 527 477 484 11 882 908 223 279 146 426 847 884 611 999 418 910 959 447 8 895 647 184 144 208 988 
114 718 275 507 441 816 472 422 768 269 451 505 575 601 68 430 923 254 486 798 118 881 575 657 447 34 966 167 40 652 585 86 925 802 924 796 316 627 763 708 605 756 773 193 500 92 624 448 281 916 179 889 54 780 984 429 271 111 37 586 66 875 975 532 510 6 614 1 943 679 291 413 495 803 383 285 69 525 669 462 435 562 874 591 850 315 378 449 84 509 419 937 903 618 395 788 322 30 384 834 
397 143 585 448 136 943 771 276 106 890 90 399 207 889 804 509 495 124 739 974 669 947 840 603 408 522 766 106 602 734 588 149 727 924 505 703 663 923 59 394 739 383 808 647 85 449 24 619 423 306 253 642 196 153 163 31 666 361 618 815 365 62 853 252 2 128 177 850 192 849 642 386 367 607 819 702 761 49 197 193 148 704 87 794 937 715 32 954 940 156 540 658 672 832 672 436 467 216 279 236 
839 949 46 598 851 436 190 933 729 551 214 807 265 75 409 460 87 663 908 642 595 645 910 388 301 647 943 355 927 506 780 248 855 233 407 147 365 95 812 159 777 998 603 580 498 282 882 626 981 778 140 682 694 535 391 935 867 219 743 865 747 946 181 181 744 706 156 879 929 273 687 706 667 77 525 76 61 755 223 480 204 796 770 353 175 177 531 224 730 384 663 527 148 395 747 579 412 516 195 634 
415 459 221 706 564 82 646 550 699 188 406 178 220 21 826 957 394 470 176 94 445 242 117 962 195 552 902 560 227 757 206 532 711 866 635 364 93 598 878 121 348 124 605 900 774 906 110 611 938 111 761 834 465 85 851 378 450 809 63 644 956 147 465 127 693 196 195 131 755 563 275 485 780 621 657 573 173 440 714 128 843 162 293 136 377 885 372 238 930 481 514 17 827 602 345 816 233 286 286 327 
432 899 247 484 620 227 237 164 762 293 529 860 958 171 344 230 632 479 275 569 678 591 336 747 580 936 168 200 755 48 777 458 789 739 188 737 485 622 346 624 212 112 638 452 240 596 550 904 233 563 657 581 856 472 516 422 563 416 475 863 584 861 395 387 135 864 330 827 495 350 766 153 423 713 664 843 458 997 753 398 346 418 185 322 588 557 816 425 283 51 637 301 306 520 142 996 167 369 307 272 
141 649 353 481 73 681 478 604 244 211 754 354 59 625 645 391 975 535 366 363 762 256 714 637 930 416 653 32 814 898 210 917 932 133 190 38 885 167 888 437 98 836 311 998 805 109 574 382 843 923 252 830 295 23 435 752 515 354 195 490 182 790 855 593 63 10 470 128 470 33 211 177 952 581 672 206 273 231 552 790 512 43 135 640 946 805 567 123 935 38 507 656 222 71 580 173 817 54 412 684 
406 38 993 97 467 221 255 645 391 678 186 334 813 79 260 684 778 824 915 50 428 692 948 804 301 629 409 669 131 528 751 764 896 729 588 761 886 697 756 828 386 675 335 349 158 374 795 477 832 206 189 685 654 801 778 525 262 663 160 637 459 344 245 977 785 721 614 875 606 831 661 862 496 55 360 488 709 460 363 548 820 498 466 108 384 336 141 960 602 577 200 526 915 50 387 995 982 254 576 970 
311 997 995 315 67 502 402 414 596 472 22 951 918 502 86 189 816 473 382 779 482 869 605 99 147 449 469 225 398 107 893 400 170 803 695 742 306 245 916 55 446 836 550 846 404 643 795 385 965 653 671 253 872 753 749 272 500 30 132 371 42 422 381 693 42 642 20 192 114 121 563 247 680 968 684 517 856 128 386 898 194 334 887 187 506 213 605 402 780 148 208 552 296 358 659 240 22 223 850 392 
935 290 969 991 759 938 59 394 457 616 991 443 331 989 317 198 983 765 968 946 787 66 740 715 653 289 101 358 529 527 786 440 52 252 26 527 980 659 398 180 747 34 750 933 399 486 530 11 760 235 597 64 116 257 243 943 745 761 358 106 607 353 622 955 623 397 874 606 469 296 711 937 544 206 363 796 961 416 285 218 435 430 675 324 810 218 590 926 217 343 630 815 15 506 884 983 69 274 866 633 
807 536 115 833 512 150 942 967 136 25 403 338 880 181 398 534 415 221 254 868 439 260 101 388 123 766 926 417 562 257 43 100 450 482 362 53 417 518 507 65 907 188 192 831 346 467 306 596 305 488 444 338 75 89 576 920 813 1 398 71 407 897 998 645 371 703 334 860 740 258 141 503 370 983 208 565 79 318 467 615 64 251 66 530 220 133 981 408 864 326 102 791 924 8 29 383 595 213 302 756 
80 846 450 716 975 858 701 718 54 441 533 391 374 439 346 664 962 857 619 950 194 294 690 110 963 180 121 644 757 758 615 263 220 484 58 532 451 380 737 910 408 635 539 292 188 897 58 176 848 730 835 228 980 930 738 576 236 289 94 913 232 664 121 275 532 961 126 688 321 554 181 314 275 864 163 793 900 667 725 140 846 409 152 778 58 747 872 924 320 574 893 525 641 454 821 18 264 128 34 137 
245 304 508 135 888 42 402 335 269 147 430 78 837 430 843 757 643 670 695 692 515 496 716 327 856 62 148 931 83 116 186 661 573 873 816 329 471 409 183 440 606 847 179 781 77 783 145 756 741 939 16 600 759 222 185 563 103 445 420 356 939 343 342 185 7 427 62 236 989 844 974 73 269 797 271 901 715 539 12 723 417 369 14 409 719 549 852 574 489 51 261 788 527 560 241 732 34 99 549 1 
878 236 366 629 186 587 699 860 439 165 816 389 686 594 799 764 879 867 1 360 259 39 140 996 684 959 287 928 498 166 58 843 251 244 913 377 893 602 529 592 264 549 950 400 992 252 375 952 141 325 288 769 657 131 989 63 949 356 37 225 372 908 314 334 774 767 482 643 364 634 846 76 130 207 702 93 774 620 856 416 709 898 669 971 429 841 695 417 79 454 433 4 268 923 710 925 463 776 805 248 
726 109 381 562 810 67 854 712 700 356 123 392 952 711 685 962 942 276 532 388 216 599 488 160 259 316 611 775 423 246 55 66 724 42 416 724 954 519 970 672 34 464 862 956 713 551 508 272 424 843 337 767 559 576 74 799 937 930 695 716 211 17 588 686 305 609 2 395 821 933 991 684 870 550 620 545 207 692 103 819 866 149 829 130 986 216 44 645 8 283 35 88 220 618 20 946 184 443 49 228 
503 130 88 770 973 648 889 160 727 866 42 765 521 738 18 689 445 506 617 624 323 307 31 752 86 821 765 867 733 276 399 454 963 788 957 710 291 820 991 225 595 750 646 246 337 83 273 60 346 686 871 942 771 586 995 364 31 349 930 28 208 315 367 653 180 170 314 811 117 896 411 146 4 295 111 412 787 887 139 472 130 125 616 344 512 5 967 773 8 67 422 983 942 200 645 798 241 875 367 381 
174 683 369 987 424 162 615 682 268 24 59 921 390 190 983 499 676 411 876 257 578 474 887 616 153 740 151 579 848 635 550 515 98 19 763 358 922 830 481 118 969 167 995 695 705 886 412 131 172 890 537 202 742 393 511 194 926 391 261 842 612 717 58 580 712 28 788 406 738 122 420 980 525 109 573 573 182 22 723 954 978 59 843 851 343 788 630 863 967 451 496 690 893 757 12 749 61 7 734 808 
152 140 506 301 596 488 93 956 778 280 531 348 806 716 135 640 607 978 255 893 257 650 140 304 470 148 765 881 341 89 582 100 137 426 408 187 251 922 924 110 644 850 451 794 685 233 973 748 541 64 1 533 342 540 546 690 284 330 880 990 856 214 964 616 667 418 624 807 514 321 619 487 560 284 196 330 601 506 42 207 76 824 634 249 366 450 515 10 470 918 137 861 146 687 350 237 888 716 93 234 
263 436 608 660 285 88 402 48 196 238 352 186 38 65 517 277 184 379 267 555 379 52 831 983 795 127 351 984 338 786 569 989 605 625 247 598 794 394 797 336 103 822 204 139 61 295 802 316 813 973 283 56 251 76 12 249 871 645 394 971 800 140 482 735 184 37 356 853 273 403 676 240 675 178 409 871 5 334 56 907 782 677 499 769 894 705 724 197 79 367 539 340 391 892 245 564 689 702 544 110 
51 599 224 898 207 106 618 685 136 218 569 899 269 67 713 349 80 533 603 521 808 789 176 519 796 659 687 5 698 313 21 165 728 715 383 550 942 392 89 289 875 670 528 241 931 107 12 846 282 955 61 209 632 268 816 980 569 593 445 768 222 7 784 436 965 316 88 589 901 699 14 871 832 550 383 136 90 810 980 150 532 451 497 855 110 136 541 398 559 26 931 366 578 501 435 91 760 6 49 376 
786 373 40 637 830 188 43 882 666 408 24 174 489 571 932 746 920 817 274 80 625 908 613 5 530 70 799 989 640 686 834 971 232 80 773 944 598 211 937 213 605 694 904 799 329 880 857 628 907 165 27 822 412 444 981 230 561 139 417 37 394 15 581 139 548 560 19 612 984 508 536 818 461 950 58 59 36 448 452 134 552 808 728 929 327 432 286 797 625 594 770 175 871 23 966 584 260 588 244 971 
313 335 278 560 801 409 188 838 738 938 357 665 885 281 772 862 256 149 113 68 799 971 385 898 414 407 801 734 313 141 29 165 158 808 764 422 165 998 393 113 957 358 553 837 221 650 488 357 696 778 81 406 261 331 169 518 554 319 371 28 771 382 336 486 283 407 606 76 66 763 103 542 468 847 913 654 828 178 930 177 942 176 213 804 497 519 199 211 410 520 873 172 134 187 624 185 20 303 752 765 
95 841 695 751 781 160 891 544 414 385 182 151 298 72 692 842 359 536 245 939 912 365 432 171 386 974 251 629 445 964 964 876 87 110 428 205 31 516 788 980 616 835 292 660 79 729 445 853 398 739 87 999 26 153 865 930 142 852 413 328 865 123 523 839 114 10 862 354 70 63 953 969 406 987 440 636 106 842 32 724 714 149 858 313 75 165 874 12 103 374 442 343 376 216 77 393 625 41 949 948 
650 945 186 212 437 686 732 849 860 829 354 38 472 450 641 226 683 924 412 299 158 585 776 808 880 341 329 556 781 990 963 428 733 877 216 173 612 261 981 949 262 580 477 306 450 195 326 563 92 784 491 386 512 573 911 687 737 593 698 329 539 635 109 448 38 272 894 740 325 535 958 999 695 512 585 612 634 970 64 288 297 90 676 791 736 99 946 608 321 767 503 853 841 489 881 232 585 326 22 731 
319 535 317 411 909 707 76 413 798 341 576 466 182 953 827 782 502 185 998 396 108 251 377 241 451 383 813 332 97 318 734 530 221 943 264 153 408 657 211 456 635 656 488 498 830 612 954 361 874 213 430 266 472 811 223 625 754 166 370 837 194 37 740 661 151 910 409 583 551 29 256 819 336 416 153 34 317 375 257 315 833 311 284 676 984 98 395 814 599 306 479 920 368 228 837 519 342 616 779 957 
81 941 117 635 84 934 391 31 353 989 536 444 180 11 999 871 836 851 545 136 607 64 601 975 914 642 662 640 897 687 447 758 132 479 896 638 400 431 997 317 38 565 299 478 180 391 741 85 683 434 935 668 961 108 916 908 737 119 467 773 858 771 94 381 813 592 67 861 898 237 231 512 639 999 154 817 198 586 819 661 773 631 403 763 679 409 154 320 704 804 717 373 63 86 214 911 892 256 572 426 
891 710 580 479 489 107 946 682 662 217 917 785 382 902 925 331 773 352 681 477 619 936 277 886 539 184 402 466 776 159 201 576 70 205 75 748 351 427 627 237 422 129 204 857 550 536 37 326 64 328 294 93 889 362 935 734 95 646 821 64 656 56 341 700 543 548 758 634 781 510 742 551 140 207 559 249 274 543 446 326 825 120 329 739 840 117 446 266 650 147 394 552 612 625 126 197 117 217 401 59 
27 492 2 507 429 15 41 795 413 16 531 548 483 926 285 581 471 974 323 552 477 292 979 179 487 597 605 425 106 396 442 42 724 914 615 189 425 678 858 769 742 157 388 6 455 989 756 628 61 798 109 311 617 681 986 735 38 674 494 17 53 673 149 80 898 109 555 154 246 956 757 617 933 861 420 389 15 885 271 608 634 265 167 25 766 94 73 550 371 57 427 32 957 770 970 604 849 806 45 864 
246 502 969 762 981 276 868 444 525 156 963 132 655 611 39 275 385 817 188 29 699 250 455 831 972 660 141 763 883 531 135 872 956 324 979 274 394 440 763 899 123 356 90 226 942 326 186 425 588 716 778 522 589 204 606 762 132 141 24 740 896 280 175 730 69 956 684 161 881 942 802 176 333 701 227 517 553 211 208 868 805 222 744 986 861 403 223 534 886 449 292 855 587 770 512 546 226 519 203 770 
855 166 895 721 830 42 533 144 516 15 365 710 571 119 452 118 631 667 40 964 575 908 86 33 590 833 23 727 514 414 566 163 434 68 309 674 195 915 616 853 38 634 238 413 884 793 193 153 365 150 544 671 207 317 538 508 167 300 133 807 486 672 341 467 588 879 185 763 272 315 262 209 179 661 934 438 474 239 336 838 712 790 234 102 224 983 7 719 866 153 110 14 942 14 778 106 537 883 833 704 
81 111 89 732 354 925 754 445 312 857 511 495 266 216 469 706 975 293 490 297 277 394 926 47 139 45 413 480 593 909 992 707 627 156 736 463 202 577 96 164 346 207 855 198 98 69 556 924 211 885 393 727 469 533 481 539 171 27 375 729 727 791 434 653 904 913 330 375 767 956 716 321 179 967 816 146 49 558 908 970 260 809 958 351 161 440 414 561 319 717 308 762 42 982 876 173 911 830 208 602 
838 100 194 58 728 265 997 680 413 428 269 712 245 382 380 629 664 304 950 192 245 267 553 17 528 156 319 384 816 662 193 93 749 563 54 509 229 758 335 842 360 793 344 223 125 851 476 794 19 14 331 151 61 706 450 587 855 733 832 753 370 896 496 755 861 216 682 450 312 425 821 803 566 933 656 53 380 639 315 763 894 198 173 235 464 657 904 204 29 620 45 800 655 595 455 787 471 409 919 337 
499 814 456 297 782 325 473 869 978 881 375 558 790 307 703 200 80 250 672 125 287 948 929 549 325 909 70 723 288 633 762 676 75 650 735 350 87 880 512 70 745 729 300 954 168 775 400 937 62 343 919 660 254 233 891 522 874 575 329 858 369 587 793 509 896 549 378 829 746 113 433 502 204 16 219 378 371 686 748 616 997 599 825 417 624 308 951 752 981 449 623 907 275 314 487 238 287 507 799 933 
917 163 977 123 742 104 978 892 749 355 662 18 260 633 594 714 23 363 58 912 734 39 205 724 280 882 92 133 109 927 804 152 292 603 819 74 308 773 367 663 829 772 355 89 447 506 806 104 477 289 516 828 69 679 54 777 499 535 702 661 438 468 55 1 427 382 755 791 958 868 299 63 926 214 120 434 690 760 869 186 663 273 192 182 447 31 227 96 603 382 61 924 403 977 149 298 894 233 805 976 
822 234 447 553 756 11 183 834 778 296 671 770 292 386 597 580 829 994 519 127 464 377 248 239 80 29 720 835 970 338 81 141 991 767 582 481 173 3 122 354 674 552 237 616 901 446 881 339 750 781 636 897 617 773 727 557 649 386 152 980 245 347 415 672 614 877 622 470 87 843 873 340 823 687 470 357 732 418 170 267 339 675 71 935 664 629 550 735 865 749 428 437 564 619 15 323 530 436 215 558 
702 738 782 451 24 995 842 492 42 516 20 589 418 946 54 997 705 516 965 194 136 547 199 851 746 721 411 252 377 237 644 293 517 576 991 495 154 753 344 520 838 368 849 832 818 358 428 995 81 205 504 82 11 672 626 45 42 663 741 315 428 379 132 854 975 504 943 791 18 171 695 277 76 874 815 0 121 795 62 879 842 345 675 487 729 514 771 209 970 643 380 400 609 967 38 761 531 621 780 427 
685 393 446 102 887 462 623 495 885 166 714 203 947 515 139 356 155 113 779 982 120 334 716 778 267 841 359 609 445 499 3 56 385 846 956 581 293 347 684 756 27 833 762 290 561 724 104 953 800 256 642 973 632 240 745 549 486 573 347 82 726 554 152 420 751 106 566 790 243 136 832 649 900 354 541 546 524 666 548 990 528 523 648 28 203 161 474 858 782 603 942 958 490 281 900 56 150 535 798 44 
657 91 122 561 435 716 41 530 354 626 368 561 957 328 697 471 54 923 686 318 924 722 626 260 560 414 317 275 312 935 531 932 463 901 482 405 953 920 351 228 530 650 47 904 883 231 783 784 449 408 876 286 536 956 867 284 847 496 509 856 713 583 389 356 720 235 537 862 309 150 300 193 53 852 353 410 673 376 895 796 855 415 240 720 166 582 337 938 67 654 663 681 753 40 38 989 236 0 161 971 
894 230 990 367 657 170 58 722 197 745 212 441 885 567 466 253 985 183 791 987 105 694 784 942 81 625 330 314 968 406 968 110 543 588 410 365 305 996 32 783 859 987 99 860 83 880 386 280 77 802 303 114 686 27 24 590 498 764 494 802 525 518 917 348 324 134 529 659 841 862 464 104 6 16 225 682 698 489 824 581 557 9 646 55 440 957 291 619 1 368 424 683 441 733 350 614 790 531 689 701 
930 663 58 817 356 195 212 201 189 779 935 149 576 14 85 72 145 174 22 884 948 590 671 229 428 335 972 187 78 11 623 202 449 945 298 615 83 577 738 593 846 649 546 953 421 929 525 567 313 33 133 871 188 925 277 833 34 225 920 192 656 945 218 782 726 843 261 550 100 307 817 996 634 785 546 562 631 588 275 690 915 563 902 26 52 485 14 50 916 566 106 847 400 78 660 793 101 699 786 872 
308 751 834 308 398 614 129 832 705 762 56 49 418 323 492 375 35 634 595 280 944 845 32 855 70 260 797 946 932 973 811 589 161 660 798 478 318 168 108 474 989 81 666 724 387 111 585 317 672 325 323 326 482 985 286 455 389 826 604 240 785 417 889 852 119 962 208 734 630 39 988 344 534 815 218 675 709 671 564 465 706 642 98 46 949 468 754 718 194 640 956 996 409 545 568 882 420 390 997 153 
606 299 860 100 950 463 320 481 547 27 4 493 428 88 323 907 278 676 879 728 312 45 580 637 519 942 851 270 26 26 73 660 377 738 233 664 817 435 751 965 724 201 703 164 764 411 215 989 744 71 974 408 327 504 169 34 519 533 884 456 476 112 604 578 774 966 827 62 494 631 594 964 322 322 251 233 857 235 549 829 840 559 955 559 82 690 964 531 52 945 812 987 425 230 880 764 942 162 385 852 
256 844 88 276 424 703 42 58 595 692 352 307 206 880 145 358 731 498 92 307 2 929 828 49 280 956 115 346 677 454 758 674 545 839 152 27 94 76 784 399 966 277 158 943 932 273 776 286 127 423 815 141 251 200 338 224 476 354 132 510 850 33 844 375 998 991 406 892 64 623 733 500 110 125 810 932 992 109 187 516 549 531 104 982 19 836 911 925 602 883 609 251 450 247 392 630 199 957 265 776 
238 257 944 615 905 990 60 786 762 974 388 81 941 198 326 859 123 498 890 322 153 132 371 443 708 953 635 181 199 710 973 506 558 208 8 755 275 933 586 143 815 690 152 887 204 169 317 603 579 365 799 13 727 558 84 192 170 948 322 666 817 706 277 335 464 847 202 352 39 101 26 183 794 763 373 242 479 293 551 262 746 422 755 662 993 595 847 228 613 559 870 633 890 785 8 201 608 496 348 498 
380 818 214 904 222 44 220 853 89 45 122 482 612 122 605 153 533 365 682 649 813 777 10 711 959 503 30 849 380 147 855 569 182 585 913 574 301 360 986 480 916 693 285 594 86 271 532 268 982 420 913 608 238 323 654 502 580 462 565 728 971 212 161 297 524 395 149 66 608 436 656 277 24 432 127 52 571 686 8 190 733 722 885 229 396 531 447 479 718 872 459 770 457 19 753 10 775 867 309 68 
141 280 733 908 486 342 904 951 133 792 96 967 162 101 703 896 40 670 591 752 622 953 274 303 168 824 407 104 629 883 104 966 119 172 725 786 767 467 785 465 771 232 386 822 207 675 933 446 629 576 324 432 633 544 898 496 212 226 618 154 566 102 764 319 652 188 153 522 658 744 763 496 245 72 140 722 666 807 543 354 257 85 434 20 659 786 154 299 904 265 42 473 888 864 508 226 131 762 505 721 
874 77 626 58 954 801 664 856 206 541 287 391 575 246 119 434 554 945 267 940 926 709 537 77 490 182 366 153 802 264 863 227 480 728 387 56 293 340 903 330 884 255 555 430 900 324 541 475 983 182 145 625 422 772 976 480 14 76 399 793 227 130 262 66 208 651 138 150 778 533 667 81 803 942 631 539 878 915 583 777 23 579 973 149 677 360 188 225 472 679 71 575 316 520 298 904 571 455 105 512 
720 153 820 576 807 360 784 890 466 806 398 144 90 904 225 552 657 426 877 691 325 635 528 170 315 957 425 807 439 304 796 783 155 375 647 959 599 775 459 116 522 199 343 199 247 882 673 737 173 111 693 133 208 634 402 981 680 828 29 595 371 415 812 320 991 601 806 235 718 449 132 540 752 74 331 143 335 974 809 43 986 979 635 336 270 148 38 909 806 378 798 145 831 289 887 80 478 983 85 191 
420 553 954 440 958 819 628 940 504 95 928 657 366 566 118 173 644 937 644 21 985 568 109 526 871 592 673 52 920 284 46 282 113 313 799 59 63 263 605 566 254 468 481 984 294 921 299 228 471 163 935 764 194 793 37 490 264 785 16 284 216 540 726 896 271 391 299 476 174 748 427 86 285 919 678 679 954 45 271 416 605 362 706 51 535 856 715 944 312 775 878 77 891 149 76 506 728 39 191 19 
962 426 952 414 586 604 452 885 351 276 827 835 222 806 690 690 994 206 971 160 484 157 926 856 838 462 355 126 607 250 581 53 853 564 122 658 128 683 795 761 757 889 721 933 67 113 426 643 606 479 991 786 129 787 367 517 841 218 980 88 874 948 177 550 171 107 623 153 404 642 3 797 27 141 645 909 483 276 370 760 73 89 342 843 808 635 607 910 344 862 497 218 586 56 839 331 918 350 577 553 
280 606 899 342 544 24 264 823 744 479 951 241 781 445 151 909 889 352 404 722 307 619 234 850 593 876 166 300 910 900 810 765 454 334 306 811 184 40 800 168 48 452 892 20 377 611 898 547 578 328 134 292 303 51 935 992 702 29 149 896 74 869 843 233 552 127 510 915 120 522 95 118 963 900 653 944 563 297 442 284 231 872 121 690 3 184 59 246 556 708 503 734 769 568 452 0 566 209 31 755 
920 220 717 542 838 355 228 807 334 243 37 823 262 517 681 9 361 86 741 843 968 754 189 502 973 456 846 268 64 147 52 469 826 944 573 824 307 1 506 73 515 110 704 90 331 742 860 735 420 330 133 131 526 373 904 355 384 557 460 487 689 164 604 948 809 499 475 989 218 593 828 290 801 808 452 296 321 858 935 297 255 565 589 356 12 957 28 701 758 854 803 589 299 79 587 920 40 597 962 487 
150 846 144 559 85 212 892 194 224 898 93 668 858 556 830 599 706 912 228 239 863 528 963 5 595 215 257 371 677 776 956 371 961 64 873 902 411 667 753 375 712 851 243 777 951 583 493 999 802 553 819 864 713 134 834 382 546 89 740 528 252 992 950 298 203 65 927 101 525 760 815 662 41 747 914 394 231 20 447 648 802 200 691 622 988 919 685 882 415 872 10 905 145 498 561 742 352 317 247 21 
938 715 393 86 43 65 801 589 213 749 221 180 816 868 575 874 456 579 345 555 711 20 409 814 178 237 988 861 21 686 968 308 593 589 194 999 310 56 379 918 348 409 403 323 258 453 732 97 92 671 759 225 104 385 84 862 43 31 762 936 791 803 714 814 57 127 216 803 512 660 631 244 901 354 249 975 495 541 624 93 846 759 380 878 87 477 121 880 600 235 897 697 181 354 818 252 382 899 515 605 
562 82 747 14 65 967 645 884 740 636 231 149 355 902 343 122 600 495 268 13 83 448 640 325 509 713 821 551 921 965 372 589 588 379 231 431 807 647 877 489 249 107 993 884 994 341 251 462 2 713 718 306 779 925 486 319 885 640 280 795 99 362 362 384 659 689 900 942 788 411 347 877 672 425 851 480 56 19 264 823 165 381 726 853 210 640 973 527 32 316 969 632 309 85 337 607 130 420 933 760 
111 121 469 769 274 402 916 559 699 224 198 580 600 106 304 579 35 288 706 796 302 391 844 649 220 858 191 29 52 561 666 817 73 803 62 651 857 232 690 464 392 147 179 737 607 63 188 718 792 346 630 992 513 763 537 860 952 613 919 445 890 799 587 54 781 87 633 84 99 837 308 918 377 777 578 820 499 502 931 993 424 410 686 432 30 373 248 752 214 738 857 267 34 638 29 368 942 101 33 116 
677 99 340 330 937 395 559 993 200 670 62 558 752 975 453 26 150 417 854 275 785 850 265 517 270 233 927 474 141 307 330 505 504 240 746 429 550 5 124 462 438 896 231 812 884 443 480 859 555 107 499 734 221 507 45 618 419 981 961 814 34 628 319 849 398 202 123 554 812 843 155 439 791 839 387 841 246 687 559 11 123 59 661 633 45 500 341 11 747 922 956 795 383 285 356 647 764 698 486 54 
376 399 229 78 658 947 66 818 388 657 162 869 421 630 631 433 171 905 14 198 579 642 14 701 709 986 12 122 12 966 988 371 771 183 239 105 502 47 384 454 331 344 798 174 134 565 448 282 898 883 617 47 706 814 871 631 281 267 394 767 7 257 829 310 490 594 478 448 567 679 845 787 554 604 629 964 835 889 74 752 488 170 260 52 755 732 472 259 578 853 82 119 178 80 707 576 675 794 615 646 
806 325 819 100 679 799 908 748 278 660 850 967 337 867 894 655 176 552 215 954 236 901 200 749 515 79 50 73 889 182 713 959 768 289 202 900 781 400 311 75 803 147 51 825 51 558 208 971 432 668 502 274 600 254 155 563 93 625 931 924 247 221 294 669 193 342 814 93 209 277 843 620 911 778 961 674 293 993 280 230 946 580 105 250 341 123 535 665 568 883 102 453 242 506 757 111 483 96 549 981 
366 71 34 951 379 192 97 934 504 22 654 845 129 42 900 801 261 104 959 19 159 564 612 764 715 587 919 859 647 870 592 366 78 442 603 981 218 552 902 773 155 757 19 319 170 806 737 149 225 416 685 87 138 409 666 985 345 571 838 829 634 354 579 343 779 486 685 694 104 493 974 650 542 783 330 854 542 732 13 798 562 982 309 233 832 272 29 152 123 193 848 604 85 22 800 840 39 451 391 83 
590 619 409 3 440 188 307 907 345 442 862 576 780 893 129 737 276 658 732 781 11 988 528 321 803 680 751 699 245 32 286 37 639 405 947 542 36 527 746 928 30 818 43 754 192 352 65 136 124 311 604 191 498 819 267 271 588 877 147 116 223 706 740 534 687 653 72 955 179 410 329 890 761 78 543 366 924 112 998 236 477 559 130 441 493 854 148 719 158 220 994 473 930 202 624 885 451 105 590 378 
295 158 699 219 31 810 134 816 793 313 964 734 844 751 991 710 71 281 707 837 472 158 198 991 612 972 892 834 74 550 793 512 291 561 650 861 533 854 219 120 586 710 610 199 848 966 899 381 704 91 977 842 286 485 682 628 804 70 249 427 313 625 664 15 612 625 462 2 559 9 480 515 81 312 105 812 130 285 937 855 881 707 4 361 933 133 87 83 178 602 132 529 920 77 27 877 330 950 61 844 
75 964 299 232 444 214 39 771 728 69 398 257 145 737 435 65 967 333 900 184 477 291 63 601 178 245 20 488 462 875 99 823 208 540 66 238 58 826 548 832 781 909 595 205 125 540 154 985 896 234 724 69 219 521 7 51 718 465 537 556 881 642 31 785 712 174 762 418 209 428 394 498 656 302 440 413 696 233 745 377 999 421 284 472 482 313 108 75 12 38 364 273 869 149 549 509 394 937 705 270 
120 631 715 750 191 832 173 213 990 195 614 717 909 763 355 292 632 118 978 434 751 485 95 965 928 741 120 943 406 878 76 576 453 740 426 311 441 24 185 399 376 862 661 181 125 473 991 184 454 212 645 371 767 739 837 598 675 899 816 808 866 920 743 712 202 228 645 925 179 659 937 85 155 575 61 953 643 39 505 361 499 318 510 510 775 960 379 450 870 949 896 917 836 784 774 108 658 830 321 777 
880 966 290 324 700 523 89 615 29 162 272 649 364 623 772 506 129 215 172 195 301 53 231 90 292 624 5 448 974 625 776 770 520 232 530 66 762 363 640 541 615 163 14 209 817 475 431 38 492 496 456 949 440 952 40 775 523 665 322 695 605 337 216 49 893 809 916 445 354 372 270 954 506 530 916 203 411 847 178 105 101 857 839 911 548 123 990 540 706 823 853 440 872 525 339 723 938 990 51 813 
425 152 384 701 818 634 819 489 71 144 569 977 503 714 530 984 992 816 971 80 350 751 71 565 58 120 318 303 749 827 604 197 254 963 342 376 862 413 192 506 249 608 931 775 107 735 792 38 391 428 872 422 425 231 550 463 949 116 611 94 700 414 6 355 990 183 917 512 915 34 777 745 60 172 300 665 811 365 961 354 857 967 878 802 325 193 54 417 359 642 486 835 408 862 761 326 39 701 791 449 
713 5 862 389 722 558 921 912 875 666 995 669 732 323 229 170 205 745 210 287 125 275 342 414 146 911 70 467 332 274 294 525 176 921 218 518 682 522 895 289 805 625 563 310 259 84 221 254 495 688 792 691 771 693 116 228 465 834 812 430 500 418 665 473 84 103 884 783 403 560 5 769 253 341 899 755 745 695 715 550 540 656 565 984 549 143 879 451 52 145 695 495 565 197 281 566 469 868 596 271 
211 77 753 706 186 474 721 636 449 816 877 614 378 280 574 428 28 730 257 311 115 580 865 310 664 485 86 635 78 236 609 496 387 579 64 571 937 841 136 998 243 685 880 343 834 100 313 498 592 149 596 489 507 153 989 190 595 422 709 760 264 70 878 900 979 854 907 995 282 327 719 430 307 979 588 495 530 1 548 896 325 430 65 972 305 988 912 157 892 945 659 293 587 218 797 567 456 867 328 34 
221 924 686 695 113 98 91 626 718 235 582 856 845 641 629 91 618 447 839 34 708 701 171 118 737 865 193 803 452 701 598 515 857 881 851 992 532 537 288 286 767 957 252 627 110 345 21 572 754 179 224 426 140 496 793 468 987 151 635 721 628 372 248 150 351 109 209 96 778 143 736 581 37 618 589 530 341 21 178 851 842 492 61 165 803 542 120 350 788 358 348 809 597 249 819 956 348 201 381 543 
939 15 637 32 486 326 791 116 211 458 242 392 523 221 896 780 173 84 444 848 542 366 11 860 705 433 723 727 685 874 694 403 735 680 32 505 466 62 317 802 126 816 446 615 261 255 846 481 822 565 943 979 364 74 763 526 50 162 779 373 10 88 803 254 737 720 206 98 304 731 686 2 319 828 95 459 956 609 759 909 26 754 361 848 43 379 135 560 136 253 349 812 485 638 780 140 463 667 802 368 
98 990 865 127 495 108 456 6 677 538 708 732 832 533 41 714 138 885 400 276 523 969 950 39 714 308 610 371 805 912 45 711 783 786 665 89 882 865 1 637 314 510 796 949 880 489 331 354 891 443 778 40 485 401 827 9 473 599 608 433 32 151 405 553 845 491 933 742 883 422 144 690 760 861 777 114 395 670 447 970 145 152 681 541 994 491 385 622 517 551 372 191 861 684 304 232 521 950 585 994 
