266 711 926 752 628 100 140 910 13 758 660 587 173 629 224 648 739 490 801 142 604 126 666 805 964 570 963 577 502 263 312 292 961 149 66 867 612 636 342 432 847 211 394 536 86 115 805 518 336 56 490 489 59 722 681 360 46 981 71 720 443 493 392 272 643 144 387 382 667 732 223 910 536 92 921 433 275 171 778 752 519 446 380 512 388 89 377 376 702 72 907 781 475 846 96 945 906 605 974 786 
165 742 545 740 755 807 815 436 765 309 765 638 773 634 994 942 65 351 976 768 760 984 476 732 946 75 85 597 345 728 668 12 16 546 477 143 803 948 320 976 612 938 105 499 395 162 294 351 709 455 177 415 62 241 700 285 143 830 683 288 148 170 558 20 945 196 334 761 878 407 580 836 270 26 898 352 6 559 186 36 800 963 428 981 268 82 173 81 796 727 14 918 108 634 227 403 433 245 616 353 
662 762 193 16 4 425 852 416 188 186 371 890 152 911 116 212 517 764 323 754 101 241 446 979 143 900 948 479 698 210 93 257 870 45 828 571 294 794 936 27 574 426 886 636 961 110 432 860 601 74 192 155 958 579 568 563 950 324 132 953 550 507 515 880 56 445 826 509 654 955 661 53 293 90 686 764 971 579 757 965 520 568 258 75 531 924 955 785 334 370 930 382 909 993 775 347 727 305 901 311 
488 296 233 469 195 678 176 87 830 360 616 639 30 67 355 766 113 188 807 317 323 215 656 190 145 943 578 350 396 302 518 316 350 156 114 414 279 709 72 144 175 853 309 13 357 699 950 866 389 271 263 52 866 688 866 89 143 191 259 997 659 176 673 494 651 19 919 633 842 846 322 856 297 253 822 647 994 427 68 723 882 973 906 555 674 491 600 146 337 546 200 497 864 298 489 206 890 4 273 830 
967 744 349 550 170 106 262 472 401 659 117 124 45 854 648 25 933 169 149 552 263 339 962 511 383 795 66 281 602 722 581 152 628 746 110 429 937 831 128 713 662 274 599 24 796 427 79 332 405 21 355 581 236 63 911 284 72 150 717 880 779 91 505 693 839 269 594 626 635 243 421 179 811 920 969 487 240 297 312 184 462 454 265 864 289 509 331 675 17 715 619 222 575 880 433 687 320 777 642 366 
541 359 909 570 898 313 351 482 809 917 475 168 888 688 27 840 8 314 613 653 942 81 937 86 702 248 704 503 198 403 992 721 614 166 395 68 612 86 426 27 503 334 22 329 355 415 356 607 823 919 36 919 579 703 667 211 957 727 243 440 203 43 782 487 227 789 489 576 315 760 451 914 786 342 104 561 781 43 186 21 56 434 163 997 177 140 806 423 644 526 645 693 989 73 759 983 644 967 10 937 
292 170 219 644 72 325 702 866 716 456 342 464 303 642 714 759 772 11 21 921 496 394 684 324 477 627 126 873 988 835 177 569 861 456 431 226 264 108 866 702 140 462 418 624 32 237 987 51 201 60 197 528 357 37 39 44 332 842 19 317 588 649 125 699 854 541 22 760 253 136 101 674 304 306 243 733 758 599 47 72 124 466 110 977 859 263 185 375 198 954 124 333 25 250 687 647 28 566 939 88 
162 722 685 554 276 227 76 395 404 617 61 496 560 468 421 761 604 634 171 101 200 164 179 977 784 757 576 341 687 993 324 298 636 193 205 451 470 265 644 95 48 833 104 110 920 820 13 729 50 101 568 898 124 94 127 294 608 543 852 599 983 454 242 415 821 357 890 70 1 469 131 387 91 733 739 124 291 366 377 604 753 234 20 459 112 143 586 724 862 699 386 296 923 526 269 719 781 968 663 341 
788 477 429 729 478 435 326 441 44 513 178 346 371 656 816 510 507 559 722 506 13 175 725 814 539 590 919 846 255 449 744 618 87 77 629 674 130 251 696 64 56 135 52 563 696 649 895 487 3 612 717 112 691 311 355 887 722 146 942 875 907 771 633 549 524 778 345 631 745 383 157 14 522 627 491 380 133 661 434 993 917 904 371 734 635 87 955 504 372 339 175 877 195 518 170 816 202 765 393 259 
274 595 203 960 873 638 454 256 549 806 469 557 926 873 310 568 479 495 734 677 293 590 530 543 655 594 672 790 741 325 915 443 827 606 891 505 321 955 658 977 992 790 32 875 740 872 110 976 474 475 339 185 144 63 774 995 377 807 575 204 128 774 612 377 584 696 451 49 610 634 747 693 618 325 142 615 327 999 331 872 352 12 292 651 397 801 402 855 505 259 823 107 958 471 110 75 707 908 941 784 
304 556 296 739 416 536 756 954 990 824 917 792 718 530 716 806 104 345 21 123 856 643 898 98 124 186 608 427 317 23 884 738 477 580 816 964 219 757 51 996 819 232 938 361 913 290 189 801 600 626 832 831 689 504 415 766 323 318 174 865 185 525 707 606 352 227 213 618 748 960 945 321 70 737 778 780 994 163 24 39 954 359 595 311 886 90 748 510 628 241 933 513 305 942 800 97 977 280 757 974 
292 405 576 891 666 514 353 714 363 144 328 470 892 975 419 948 477 722 741 262 785 765 396 754 804 183 997 277 451 373 998 206 315 318 380 134 308 93 34 853 869 788 496 984 987 129 792 209 687 960 354 417 835 474 647 204 914 260 965 756 523 384 509 943 148 316 78 141 477 647 394 941 934 60 866 991 813 916 839 982 598 831 710 403 652 66 538 163 104 211 171 960 795 585 199 230 717 645 324 353 
308 200 624 472 846 291 554 868 461 689 469 238 169 414 870 805 474 666 77 409 586 77 351 510 300 897 66 625 337 47 486 543 417 206 463 884 769 218 423 645 705 594 822 47 860 623 384 527 803 513 977 397 35 548 936 15 711 735 555 47 643 917 305 759 582 925 783 682 801 527 333 603 613 87 173 630 564 287 793 584 283 401 115 887 467 897 744 607 242 802 986 905 665 512 162 703 479 905 566 772 
444 524 154 223 110 714 934 949 109 630 247 123 910 254 103 650 661 608 453 855 684 724 510 207 161 796 282 522 100 965 929 341 250 385 736 469 441 887 254 576 453 558 415 18 44 234 915 342 273 381 702 116 558 222 419 99 879 955 721 707 983 702 45 575 560 157 857 904 405 69 396 729 290 478 991 971 45 431 27 756 556 286 539 284 326 982 403 6 277 250 970 830 214 185 43 210 695 768 266 69 
900 933 542 359 801 947 865 952 748 25 422 545 458 344 765 11 912 777 42 798 193 961 581 198 467 998 741 739 970 999 207 692 756 205 540 490 259 544 578 13 291 680 328 911 975 507 640 328 727 501 613 714 651 645 328 591 711 222 612 650 822 663 319 38 458 836 73 573 9 417 331 621 889 623 235 286 625 262 80 629 320 765 935 380 224 448 598 577 463 989 580 842 990 115 284 22 225 700 845 782 
442 142 952 548 276 557 58 892 714 860 742 961 702 984 114 609 753 45 210 981 842 233 464 287 599 581 951 291 94 701 962 997 723 199 625 633 279 257 451 908 263 785 28 397 411 262 967 783 298 401 308 555 887 372 464 131 631 238 404 599 817 754 804 50 889 688 46 308 162 164 780 536 463 948 456 213 777 67 63 505 539 896 513 183 627 631 977 518 627 918 883 645 938 294 160 852 255 844 355 20 
640 439 504 43 656 531 217 785 450 485 114 770 39 23 877 622 302 89 391 488 708 720 552 594 772 452 741 381 565 569 455 703 863 257 287 73 206 527 593 394 543 697 482 281 802 864 152 261 110 547 945 275 399 62 842 63 466 969 830 175 395 709 840 993 432 821 303 767 643 21 822 876 614 58 107 625 449 424 767 774 194 513 204 562 243 929 324 524 112 80 353 824 509 302 411 275 909 740 913 758 
348 767 207 157 996 156 825 480 121 278 914 427 502 895 262 453 519 659 727 946 186 488 619 125 406 336 666 906 766 458 731 190 870 830 454 945 519 626 19 724 854 968 988 366 528 614 718 309 641 193 503 887 444 866 370 224 595 914 700 238 734 942 934 913 884 796 760 488 307 855 886 486 531 411 957 293 888 383 920 777 718 674 902 765 97 486 576 319 328 633 594 44 612 885 389 662 264 616 386 816 
148 251 57 864 974 962 191 995 544 60 163 287 662 19 660 265 689 788 879 945 703 991 401 261 25 795 62 185 33 331 245 956 298 367 546 508 23 840 235 679 301 546 961 252 37 513 878 156 706 655 526 18 12 407 988 407 123 420 349 23 133 575 939 460 692 43 317 495 981 655 708 508 524 825 699 426 10 621 156 390 604 156 67 603 81 396 869 188 398 749 540 369 771 741 982 716 401 891 51 858 
282 779 452 936 384 141 799 13 817 103 654 768 272 427 317 938 934 101 165 292 63 854 747 579 104 697 627 407 730 670 434 122 194 376 228 904 628 70 182 866 769 985 491 898 662 917 83 805 603 322 458 452 0 858 956 879 325 764 533 874 14 700 648 627 335 47 46 31 790 426 511 393 18 527 601 798 701 742 79 543 945 3 833 449 795 506 495 657 899 379 167 828 607 640 392 578 482 731 601 693 
700 16 428 613 40 447 12 936 143 291 586 354 338 672 648 253 83 582 737 56 538 932 113 6 718 553 463 649 334 456 546 128 861 829 548 930 302 849 887 113 127 15 995 693 181 587 761 403 130 170 581 299 128 480 980 231 701 826 848 434 474 597 517 379 316 251 2 384 606 344 9 552 881 175 877 437 79 516 226 363 51 309 143 405 518 582 206 494 122 836 749 894 715 188 95 140 91 603 11 323 
384 442 277 57 23 778 286 433 101 486 484 295 479 183 262 424 49 195 422 83 136 500 106 630 643 915 217 778 839 56 81 96 246 988 424 321 649 544 547 673 758 190 163 852 40 685 839 815 404 837 384 546 531 248 542 858 828 556 719 647 403 89 152 865 946 788 684 74 136 982 865 19 15 434 215 885 999 383 544 394 642 895 812 238 251 286 167 596 429 927 348 263 157 786 388 139 138 441 941 911 
189 218 2 674 1 828 741 721 338 953 439 701 97 407 880 447 588 55 266 404 66 189 810 714 660 812 533 59 588 556 788 614 83 534 92 207 603 971 858 339 942 569 267 787 820 950 6 42 266 639 94 279 361 389 235 65 921 435 972 425 997 257 132 526 138 939 20 955 247 44 596 174 95 368 667 345 270 921 198 127 981 473 917 383 758 796 573 37 310 533 345 951 908 115 400 202 183 435 296 500 
441 735 142 122 974 253 13 469 715 105 835 706 669 609 645 238 53 409 100 198 454 336 710 937 451 460 875 582 713 795 664 342 625 585 583 379 521 639 241 91 64 401 490 193 337 719 916 72 164 443 152 163 855 758 638 121 916 556 685 776 370 569 855 350 352 350 88 115 43 547 929 523 999 873 369 699 716 204 354 604 233 230 597 157 776 709 619 674 850 383 981 311 834 326 388 341 373 10 283 10 
581 590 731 34 424 992 615 882 848 863 897 109 822 563 584 125 507 579 12 505 992 525 425 632 148 952 956 814 766 970 120 763 270 423 954 335 892 646 836 597 34 746 769 525 959 983 111 479 878 553 934 7 534 826 413 604 474 322 777 45 325 818 898 815 338 839 678 853 289 571 61 230 494 741 479 78 955 202 409 37 632 549 627 853 391 987 196 950 630 431 75 69 869 185 611 219 354 319 162 909 
330 721 241 115 33 238 578 704 290 729 925 382 180 181 723 35 553 567 370 244 18 762 325 901 960 236 302 150 553 83 621 441 876 88 64 718 133 493 699 332 680 672 657 175 120 962 904 759 102 443 515 301 486 663 764 578 181 156 499 204 509 797 464 748 198 429 989 353 33 293 386 194 53 772 529 139 55 659 682 622 358 852 702 601 477 848 137 715 298 469 834 125 140 858 947 286 748 144 743 56 
525 560 437 197 70 768 224 467 968 727 441 976 225 6 552 214 797 975 895 566 840 164 620 382 166 216 54 365 59 429 242 556 19 861 913 910 938 243 516 429 289 918 978 946 457 213 503 239 868 506 334 241 659 877 205 819 650 253 33 10 15 194 413 168 68 536 807 343 900 456 328 110 777 81 929 899 349 669 809 514 684 156 821 753 243 783 71 826 927 463 457 35 809 428 184 737 367 771 960 774 
123 662 915 549 689 874 458 899 129 232 513 711 862 785 995 45 894 842 961 145 660 651 999 235 152 892 120 517 927 83 631 678 264 16 634 28 542 407 428 873 680 484 981 797 203 96 167 262 910 414 294 610 495 926 578 702 600 925 530 490 275 732 708 675 92 9 721 511 947 916 80 535 404 702 83 325 246 357 162 536 22 472 790 18 388 706 168 62 542 235 380 356 133 618 593 275 308 131 783 607 
165 10 321 336 800 525 694 175 605 39 623 416 748 804 198 950 322 269 970 892 738 310 819 571 485 772 829 999 977 297 255 541 9 368 683 108 504 234 762 947 415 983 623 515 429 835 557 831 719 156 927 248 76 527 718 420 395 759 173 750 841 54 446 708 34 601 557 922 962 439 718 28 581 126 432 653 990 155 902 560 119 839 661 914 441 580 775 15 252 423 155 139 275 153 389 476 16 43 368 461 
472 890 997 396 189 707 492 165 213 727 870 407 808 573 448 329 987 228 849 825 282 975 465 327 530 101 70 775 730 966 38 337 134 883 129 206 101 533 281 689 466 336 197 266 307 675 513 496 207 270 568 761 207 779 827 779 293 878 397 144 269 244 198 62 867 765 410 840 830 813 645 406 586 923 861 381 613 380 567 367 987 758 674 178 767 925 778 804 849 883 334 292 31 352 144 962 471 612 835 500 
82 134 619 133 319 215 835 6 830 559 818 642 786 684 4 537 134 540 217 275 77 719 580 881 114 591 77 360 83 492 743 914 740 100 674 365 680 698 521 634 280 365 94 484 52 447 402 916 845 663 201 480 442 965 653 469 886 797 536 148 229 741 994 491 400 273 488 217 535 539 170 691 58 960 956 141 149 860 258 867 617 966 385 527 46 513 170 243 973 121 620 21 187 151 369 690 22 127 85 512 
784 590 769 918 84 524 597 27 429 278 324 358 864 723 190 465 127 716 977 458 623 329 33 221 503 773 519 243 83 894 64 410 963 893 644 63 497 696 747 597 287 836 779 751 567 946 712 727 677 891 611 178 792 971 177 43 432 797 456 822 270 701 849 491 893 316 270 995 702 867 328 127 859 497 776 939 279 898 738 725 194 503 832 715 26 950 352 956 435 152 213 421 525 268 632 756 93 573 178 362 
654 610 772 513 568 352 698 288 99 672 824 93 471 361 941 697 600 475 672 924 713 308 211 651 547 121 24 218 7 631 805 574 425 51 710 34 69 79 314 841 340 863 415 124 582 449 468 383 505 64 313 8 952 239 107 815 354 96 421 828 573 138 462 412 805 605 783 830 135 194 709 346 833 826 729 852 492 99 859 688 369 469 460 186 393 864 6 315 801 964 392 138 126 27 308 197 432 3 471 153 
905 913 515 28 493 33 235 413 439 942 46 325 137 567 286 26 237 705 366 891 226 267 788 98 389 165 92 782 844 372 972 962 536 938 725 613 707 959 722 432 525 94 927 162 845 313 134 883 891 440 731 826 934 825 391 95 406 665 956 29 927 793 685 766 832 938 775 974 861 867 192 287 133 178 686 35 252 322 537 679 296 262 739 997 290 807 276 690 20 687 657 698 45 594 732 330 671 870 143 887 
569 32 723 457 939 43 363 357 552 83 687 692 231 908 565 20 794 10 809 494 47 211 356 16 206 48 782 750 966 375 283 805 580 733 0 690 671 739 651 452 406 32 125 911 845 419 706 688 253 949 327 203 876 521 563 379 900 897 1 264 326 239 368 815 91 275 477 897 26 236 139 315 828 460 828 192 706 281 443 287 500 892 480 386 342 196 555 293 472 70 815 706 489 914 789 687 442 17 947 202 
612 166 854 188 381 864 313 187 733 691 553 924 382 983 452 903 957 59 848 933 589 83 245 634 241 128 968 204 941 806 867 845 905 93 290 838 179 970 29 568 443 275 68 587 968 540 335 586 141 598 2 869 768 476 703 714 603 591 125 325 750 184 135 495 367 940 532 277 897 770 866 3 577 502 292 785 223 895 905 563 666 466 581 839 659 212 259 765 519 375 49 513 136 99 222 991 136 597 261 197 
370 705 770 757 125 471 522 71 393 456 327 645 454 301 74 501 501 201 688 166 291 456 473 592 880 413 703 802 745 604 408 490 436 393 837 580 43 260 397 570 917 575 501 593 160 766 989 81 178 891 357 291 563 307 498 470 507 745 641 165 26 290 689 60 908 408 928 738 13 332 3 164 191 215 565 157 671 168 247 658 819 861 727 138 285 349 457 216 960 510 204 144 631 560 162 440 928 832 690 470 
950 551 33 786 787 506 559 516 993 61 747 449 304 2 547 2 195 674 631 251 138 978 31 841 163 477 19 579 359 729 257 312 111 509 258 368 958 205 769 838 830 950 775 690 52 371 66 568 796 92 571 671 167 257 715 369 171 149 608 70 661 223 825 651 660 13 559 699 422 454 986 6 955 366 112 414 946 838 645 122 520 506 388 874 827 663 422 400 589 290 696 599 723 636 251 641 806 601 301 916 
961 660 269 335 544 57 381 989 760 702 630 106 263 681 796 46 631 62 877 621 818 671 825 525 728 660 802 715 480 249 608 64 167 314 222 399 205 178 920 317 845 545 598 156 19 180 20 307 173 1 403 316 316 8 281 102 867 58 712 905 736 918 425 16 97 964 373 70 807 546 962 606 34 748 119 976 703 416 994 618 649 506 438 995 839 886 898 236 342 22 455 379 267 736 925 298 274 332 956 306 
967 875 444 899 183 50 384 375 611 572 79 543 377 995 533 204 942 744 433 679 734 545 111 313 856 453 889 34 10 710 625 715 264 878 990 205 294 604 21 877 997 555 234 145 377 96 466 477 611 901 743 349 746 264 756 886 234 869 494 657 761 685 850 216 766 168 565 175 810 358 819 493 240 198 807 86 916 590 874 256 865 738 91 714 287 377 454 631 886 7 955 889 593 278 127 303 704 384 42 619 
113 821 438 865 993 702 564 621 349 225 930 142 753 587 923 479 247 371 734 991 167 749 804 11 530 588 966 598 225 582 580 863 295 482 767 277 529 161 497 528 237 335 575 568 348 188 493 180 331 888 263 513 771 54 255 977 142 8 112 364 334 928 651 705 898 516 141 476 951 530 856 649 491 117 197 464 445 621 530 546 970 881 979 551 872 309 584 751 201 326 615 302 367 219 816 503 148 941 878 658 
346 315 952 698 0 56 991 34 962 263 223 677 681 980 814 865 996 62 815 83 713 471 483 430 367 930 179 125 417 502 400 191 124 97 858 543 133 105 152 268 60 947 320 209 258 586 302 160 473 275 459 771 630 565 997 844 361 410 828 712 983 722 605 475 963 203 366 404 204 933 50 855 164 882 85 661 655 392 47 485 454 813 451 950 533 901 534 713 13 588 974 895 43 145 664 239 321 552 626 170 
283 40 904 805 788 242 400 846 946 363 662 870 196 663 223 178 596 488 845 941 792 46 74 82 440 418 818 184 470 759 937 820 798 746 421 179 710 661 591 194 498 422 374 604 787 978 418 995 638 574 79 566 574 143 52 344 825 368 216 585 656 595 754 997 442 944 862 858 52 724 972 26 437 277 85 853 490 635 224 917 222 701 374 141 39 258 552 507 286 202 841 369 432 961 180 354 312 78 728 327 
944 293 624 438 935 546 554 579 951 452 777 182 137 569 729 600 416 566 116 776 868 474 76 844 259 363 410 940 586 796 863 411 549 684 159 713 978 712 547 293 811 237 35 962 396 917 395 896 411 84 294 396 108 840 60 58 600 948 689 684 855 111 442 413 135 792 340 173 375 409 337 692 970 827 561 910 767 328 9 4 318 376 471 637 893 465 294 246 278 283 816 609 44 918 942 506 811 416 105 759 
647 750 992 124 390 384 746 428 281 185 60 267 209 794 465 507 975 427 110 420 379 501 552 624 157 942 191 14 472 83 308 425 220 209 613 12 698 157 997 859 875 405 316 776 29 160 76 239 718 983 160 358 503 159 474 180 881 761 254 128 862 978 656 431 712 540 436 728 753 217 327 531 454 259 865 374 943 447 259 942 663 451 998 167 436 732 757 508 710 144 749 752 712 895 843 380 792 996 11 429 
28 104 108 772 313 519 951 980 108 857 251 536 179 157 554 566 426 563 183 926 865 754 929 594 800 943 277 469 817 532 506 977 510 636 301 276 202 892 491 55 990 771 986 448 999 93 479 240 250 471 823 460 133 913 345 554 374 536 644 332 599 509 199 637 335 457 193 208 736 296 39 87 774 736 431 963 892 713 409 89 91 239 63 386 462 493 98 187 90 488 417 85 765 582 313 191 752 17 331 451 
189 693 963 221 557 848 419 631 677 784 98 784 625 708 798 243 383 954 669 676 109 125 256 46 813 697 216 112 776 359 341 481 689 101 245 105 648 342 517 263 795 383 692 42 90 440 266 812 685 715 371 824 513 982 310 30 797 105 953 269 68 813 574 50 711 892 230 148 286 401 496 456 438 737 933 570 361 841 254 903 633 444 752 419 240 647 440 308 962 134 287 722 396 332 409 331 837 114 263 976 
4 602 327 988 535 647 658 734 492 837 235 766 596 505 488 156 307 98 867 861 825 73 597 692 398 413 325 906 391 66 471 834 714 144 820 675 746 171 390 156 352 785 775 834 753 638 436 991 3 287 845 105 487 66 475 620 22 907 653 86 706 670 166 727 357 478 241 511 913 982 511 954 722 981 277 532 487 287 424 616 936 906 404 688 676 104 506 155 641 148 646 597 773 558 574 753 601 815 762 542 
523 188 608 422 147 25 223 307 137 989 29 339 65 665 250 879 393 27 768 451 322 124 464 260 852 686 903 455 251 382 338 67 310 5 959 184 684 113 875 443 196 234 21 361 216 711 836 12 928 409 168 230 856 285 636 853 793 341 116 509 690 28 147 755 146 665 427 237 978 426 94 610 862 479 233 187 473 582 357 4 850 99 74 972 793 808 493 676 844 6 251 771 877 551 28 712 520 228 710 644 
510 596 170 381 304 106 700 686 35 500 24 360 589 623 451 104 629 561 540 57 651 313 875 970 207 659 571 457 484 981 633 879 415 59 539 148 592 971 82 128 441 413 623 801 576 73 685 325 473 119 603 468 645 516 14 776 108 571 411 789 280 87 821 383 121 252 110 737 256 474 360 860 540 244 552 972 558 15 567 745 647 715 314 391 320 660 181 556 905 797 99 903 485 666 365 625 689 720 592 188 
225 327 711 224 527 959 647 932 712 489 621 640 162 259 593 278 83 611 655 922 777 808 46 27 989 886 162 104 311 471 554 232 937 59 760 608 157 426 193 158 374 569 13 801 601 473 443 4 515 70 980 826 775 57 300 510 399 142 141 350 838 202 684 302 304 966 236 684 912 581 701 818 72 32 624 448 100 653 863 860 404 590 633 503 101 594 947 804 426 753 392 376 104 782 164 364 619 157 10 956 
56 566 814 538 978 611 363 977 5 675 999 931 621 703 540 738 996 846 290 710 983 75 510 424 17 409 712 731 857 857 743 880 463 185 283 476 368 748 894 806 214 723 703 234 835 957 470 592 219 461 966 43 387 351 545 560 206 497 55 256 925 604 148 369 890 172 730 965 495 468 719 141 952 950 216 750 786 236 137 206 120 570 995 427 177 630 437 843 945 916 206 75 23 813 9 157 132 268 986 609 
864 749 504 917 587 313 124 33 438 130 516 405 797 496 26 194 454 763 796 184 759 758 178 927 392 925 199 442 741 617 555 859 584 283 340 740 228 831 978 760 304 465 601 768 467 831 90 728 84 204 839 480 17 751 318 823 7 834 663 766 514 682 963 435 215 359 946 752 286 150 341 187 459 581 846 543 479 627 929 757 86 232 218 505 393 70 226 606 577 546 839 206 488 493 337 926 411 6 812 959 
885 186 698 283 496 43 684 319 148 817 425 384 28 824 389 886 527 74 921 729 547 114 264 524 540 717 431 924 120 214 562 863 584 763 791 344 702 732 962 630 488 157 614 106 879 312 821 486 57 984 433 6 22 79 857 90 97 11 684 31 766 2 531 676 329 48 386 599 576 619 683 685 245 635 493 645 47 175 247 977 705 593 589 69 967 919 249 704 816 446 122 224 833 835 898 876 73 778 298 243 
119 194 79 738 782 733 368 777 803 560 620 216 787 263 848 411 648 936 138 167 179 181 190 123 885 637 698 807 914 217 255 377 721 235 356 746 356 903 987 774 913 740 166 494 516 859 526 795 746 329 877 786 719 189 122 271 859 873 159 272 858 824 527 658 689 816 39 743 773 730 431 168 441 22 830 116 104 635 883 859 986 598 761 959 171 968 941 141 353 554 617 772 457 722 663 411 563 347 560 60 
366 425 321 647 79 830 808 742 635 766 877 482 252 876 75 402 537 497 355 82 253 663 701 186 982 93 72 76 430 92 865 971 850 628 822 593 328 367 867 577 819 446 436 86 70 30 464 143 345 897 297 872 671 777 897 424 648 958 634 182 138 18 943 840 116 987 207 776 336 845 315 162 548 610 773 67 646 224 85 519 920 203 820 971 269 302 836 262 939 302 481 981 453 402 784 741 151 247 759 293 
117 233 31 993 116 563 994 493 745 564 833 918 494 147 52 427 77 505 612 40 789 718 193 524 4 349 890 904 967 964 760 153 820 330 907 759 302 786 782 786 363 914 331 867 526 175 816 270 434 236 399 801 976 107 914 544 247 498 497 244 891 800 268 282 76 839 584 47 990 230 192 338 843 180 920 369 845 16 977 89 867 749 626 691 381 895 420 582 870 397 426 637 47 776 726 807 399 418 890 363 
671 455 161 393 72 712 854 762 461 539 343 410 562 691 713 203 779 354 63 531 863 326 819 341 129 62 497 266 543 19 71 918 563 822 253 885 54 380 695 151 785 661 73 510 802 870 598 64 597 519 676 72 551 453 185 989 508 466 401 638 854 43 231 953 36 433 204 350 836 755 326 136 383 65 908 585 13 854 295 982 48 162 288 407 736 290 923 981 949 616 481 258 624 447 946 103 113 611 398 210 
430 426 326 887 221 522 744 518 336 606 328 363 566 765 432 158 628 839 65 815 366 369 646 540 741 285 911 451 584 728 91 921 102 429 819 67 16 132 280 773 503 156 896 689 578 935 345 835 636 528 719 895 681 150 125 932 908 883 615 49 968 423 868 462 359 13 359 878 775 453 198 969 296 877 455 713 283 400 560 177 924 904 136 899 189 867 964 593 964 312 204 994 201 458 915 281 281 909 547 545 
325 395 888 525 182 934 266 773 994 375 686 918 276 976 952 305 846 702 745 812 705 729 496 439 990 293 551 186 68 461 612 821 374 904 242 415 81 612 134 467 150 135 244 891 795 320 382 27 156 547 754 453 197 530 131 332 688 711 949 736 539 706 848 69 783 153 253 363 615 313 949 255 981 613 41 36 658 378 99 326 135 306 958 623 411 553 658 750 706 520 407 327 927 482 258 132 36 281 874 307 
482 355 895 870 879 174 447 667 764 454 865 241 640 653 775 137 606 583 971 671 931 180 656 601 475 237 812 356 759 82 826 639 412 931 520 565 905 34 685 992 933 447 182 179 478 797 766 75 646 737 938 100 663 838 997 374 672 978 764 778 74 108 774 740 61 86 805 214 14 505 332 326 516 389 788 971 457 433 116 642 549 955 290 178 529 455 248 942 197 800 856 97 446 597 310 39 27 737 269 399 
862 44 140 872 959 280 761 333 873 889 439 184 725 959 856 654 969 113 121 702 956 869 323 107 687 640 326 872 287 967 89 752 24 21 125 69 572 619 579 713 862 46 485 925 641 221 932 730 236 229 850 211 497 757 745 776 8 174 655 40 735 251 894 767 962 948 727 180 837 204 554 218 90 211 977 753 45 246 100 462 870 204 53 293 396 801 162 372 658 3 207 913 432 752 692 934 198 69 976 800 
6 174 549 728 537 398 574 778 913 172 880 28 513 356 948 809 48 384 337 455 657 900 17 414 138 237 38 337 850 103 598 356 39 312 462 472 196 601 736 573 532 936 350 952 727 381 893 678 824 195 813 998 290 203 912 434 694 112 93 663 217 954 403 534 452 735 108 798 229 703 628 835 215 141 877 275 340 568 910 413 922 451 522 164 186 650 531 740 504 377 841 826 607 233 502 6 726 738 640 662 
397 764 620 578 469 715 481 835 566 865 800 733 833 991 146 292 999 950 689 565 331 752 338 399 539 641 50 292 805 463 321 730 269 572 600 944 60 781 388 0 739 886 338 421 774 842 387 231 121 965 1 348 840 901 491 204 901 460 285 143 896 122 579 272 304 651 803 468 802 792 272 633 904 687 501 396 153 978 566 244 920 876 268 359 345 268 834 572 401 895 850 108 954 531 526 552 758 10 861 665 
590 90 361 403 523 753 803 173 215 390 920 148 410 704 214 342 428 760 441 627 678 500 906 31 84 732 554 866 271 559 25 47 789 298 491 699 89 301 132 742 287 220 480 549 445 717 724 318 3 52 60 663 133 159 37 6 179 340 610 505 451 623 393 342 857 593 440 23 600 272 314 133 83 5 389 168 566 225 270 806 246 105 689 885 907 168 36 503 751 565 273 140 668 682 773 647 674 677 771 96 
695 590 382 532 357 195 756 431 641 691 918 837 143 88 736 515 726 15 965 808 57 960 15 158 939 263 143 721 221 25 482 63 513 651 240 269 295 764 518 372 760 446 564 27 227 398 164 250 446 727 271 189 776 739 487 358 18 923 458 259 539 658 328 546 569 187 709 557 278 823 140 665 145 783 665 616 475 271 164 328 996 650 370 321 149 5 196 639 649 679 675 120 846 390 408 280 258 455 563 653 
725 6 48 560 314 228 829 755 29 658 381 122 596 900 44 987 221 658 714 759 19 779 542 491 693 389 728 182 655 571 117 795 900 598 586 32 119 41 524 80 928 301 201 132 926 199 416 58 693 531 493 831 198 406 291 65 233 207 375 102 352 372 857 847 137 313 930 245 425 918 73 13 82 4 41 989 242 66 777 191 532 417 209 294 64 159 963 771 318 238 18 222 465 17 556 457 172 120 946 377 
628 29 995 120 482 177 243 75 727 625 321 513 9 168 383 772 319 366 191 805 74 585 662 277 20 421 769 226 389 738 86 940 600 441 915 988 799 106 540 98 655 480 781 393 49 667 965 548 355 554 710 577 321 633 657 4 161 286 690 701 627 542 894 850 763 389 982 372 43 43 12 900 652 344 767 384 588 302 669 256 423 762 88 706 866 435 583 469 93 984 965 588 909 480 323 395 834 139 830 85 
749 554 673 916 111 760 840 764 531 773 183 231 34 85 300 315 9 489 956 70 966 389 139 792 550 392 955 166 805 714 466 954 683 391 654 541 984 590 787 631 836 834 814 744 843 695 36 475 203 945 207 340 67 704 755 254 578 844 830 997 513 36 622 44 569 120 960 314 56 475 137 149 170 269 797 141 869 80 226 660 846 841 557 574 355 159 723 562 319 783 99 626 462 741 371 912 737 370 492 321 
360 902 863 281 368 186 291 873 762 203 668 425 366 327 116 154 272 799 550 476 900 2 141 154 991 501 158 676 102 966 71 929 364 471 510 2 50 137 696 633 827 940 558 992 85 879 219 440 338 995 926 836 611 421 123 995 224 594 381 746 831 839 709 165 215 156 782 136 430 372 720 630 222 684 539 382 207 372 3 940 589 582 528 820 330 485 961 778 707 845 584 204 375 632 349 521 191 912 11 907 
745 358 729 684 229 687 810 887 731 101 587 549 711 652 589 716 923 568 986 786 998 343 926 704 417 283 108 765 341 270 290 521 598 325 83 30 500 80 574 187 964 510 883 504 310 428 737 588 442 655 464 530 532 705 714 164 140 510 162 629 676 191 923 610 265 297 753 713 913 116 799 973 846 277 617 390 262 436 63 372 400 535 866 672 727 664 205 276 804 334 915 755 712 344 127 47 244 89 156 945 
544 196 41 768 726 741 342 0 784 883 451 884 472 572 440 785 797 266 443 37 345 24 611 366 132 182 68 707 332 245 753 511 814 947 457 727 431 540 400 43 996 437 866 973 414 267 312 757 398 10 998 943 464 406 247 342 621 3 527 817 270 707 867 435 654 894 758 946 506 772 435 830 611 931 828 504 263 32 78 303 122 542 435 333 23 824 611 832 769 249 944 774 747 699 647 453 31 799 362 160 
240 502 682 102 648 635 929 907 233 277 793 271 670 805 819 213 62 707 120 788 159 31 652 257 209 713 179 668 608 350 892 447 898 855 309 460 821 528 497 30 960 334 98 876 671 127 410 269 22 154 555 391 221 116 371 71 629 178 74 749 754 203 729 642 716 281 382 184 259 500 930 831 398 354 539 307 454 30 319 618 747 406 156 503 667 180 625 622 299 995 321 260 862 928 432 387 841 546 998 140 
588 436 157 361 640 738 834 608 799 763 644 649 821 432 112 190 590 183 607 239 286 803 760 204 40 873 734 622 584 450 351 637 979 300 492 347 228 787 444 115 582 343 529 518 350 380 836 595 889 928 581 804 96 816 884 453 390 989 833 289 604 488 928 671 453 218 355 573 950 510 677 843 934 273 186 89 870 782 13 54 126 443 645 759 368 678 272 755 332 464 704 446 550 670 99 542 933 89 695 802 
742 674 365 364 682 713 509 216 40 185 733 820 476 520 708 60 86 534 13 632 303 604 69 137 662 343 904 510 125 731 471 457 996 571 525 752 256 639 611 299 135 69 551 342 583 404 65 343 5 19 412 752 936 210 350 608 122 957 276 664 462 101 673 792 338 192 695 410 561 465 408 754 50 45 59 702 26 263 825 158 228 76 895 295 936 433 612 304 447 953 159 178 528 883 310 667 275 71 786 599 
252 733 517 312 300 914 436 294 252 600 691 181 330 486 145 959 756 272 317 144 744 145 620 919 99 859 464 942 890 421 894 380 803 717 88 122 692 409 180 723 462 945 574 381 949 456 708 909 285 39 630 446 715 200 616 659 943 257 43 414 929 953 217 345 680 71 460 274 152 45 237 159 391 240 971 117 168 517 685 24 916 885 854 877 115 260 250 459 309 452 555 572 608 55 788 681 528 258 451 461 
99 834 881 500 848 862 909 155 442 987 566 947 236 6 581 96 79 796 427 434 95 589 287 855 781 415 954 601 707 426 585 937 682 200 787 869 65 629 484 470 296 794 294 324 20 213 842 697 591 467 145 383 451 279 560 909 932 39 28 275 640 964 46 204 236 742 860 935 664 534 949 194 920 304 665 598 921 232 275 668 188 422 230 760 38 758 226 593 237 627 780 117 994 71 120 308 937 657 322 89 
498 603 323 821 72 795 365 125 709 998 762 433 772 585 962 56 594 421 227 313 277 659 99 993 467 122 697 733 742 823 191 360 297 430 253 305 110 999 21 866 525 968 173 294 247 146 563 129 938 358 204 805 411 1 875 945 517 734 630 954 979 358 58 359 897 360 816 150 469 126 580 911 389 671 640 897 702 621 767 23 603 75 96 268 10 312 888 283 665 231 3 141 405 648 75 438 89 784 440 303 
77 103 392 161 256 434 842 440 227 684 173 979 166 349 915 393 314 13 111 806 145 68 344 717 212 713 716 916 129 444 496 146 659 39 735 907 273 376 625 938 700 585 32 4 480 492 930 358 266 897 957 56 91 422 914 298 398 696 960 832 520 272 436 427 391 897 893 636 914 164 244 225 426 641 928 768 47 124 485 321 220 54 335 179 136 708 176 961 626 425 364 803 720 73 893 503 263 944 424 101 
818 959 313 34 317 796 497 16 620 32 393 498 664 239 832 251 299 982 576 859 631 282 260 690 159 325 517 914 369 255 485 926 32 239 443 359 884 989 855 64 606 48 698 747 129 991 167 655 493 358 502 642 530 770 106 982 212 273 116 274 825 927 662 838 525 998 371 828 629 704 115 256 431 213 182 711 184 919 488 930 918 552 453 575 788 920 288 279 611 167 639 547 404 757 942 50 766 199 902 263 
316 156 462 933 850 809 767 599 53 713 704 297 549 568 92 976 281 740 668 561 691 46 861 322 38 528 14 818 758 763 505 815 120 412 255 23 257 590 783 775 892 844 531 882 73 311 523 902 889 447 910 76 885 179 480 249 3 15 902 495 848 319 507 664 375 923 42 678 179 676 35 908 213 908 810 570 323 882 423 697 856 236 358 468 481 611 952 290 536 344 758 362 156 936 639 968 714 545 132 844 
657 553 480 336 567 329 922 440 242 663 27 37 76 336 50 244 206 511 177 119 366 38 673 962 931 760 304 343 358 596 837 515 599 303 243 50 744 363 80 866 752 614 469 891 322 683 233 864 525 121 669 890 218 226 372 708 656 826 983 134 721 581 842 65 131 877 888 297 654 105 186 42 211 270 16 81 760 972 936 700 159 33 157 303 206 410 668 312 741 768 89 414 71 699 934 259 662 440 236 915 
971 786 371 637 315 740 152 137 465 605 738 101 998 356 505 400 407 883 594 886 686 494 849 844 423 824 143 680 602 89 840 870 951 802 4 595 72 147 44 162 398 573 127 596 375 107 322 436 999 649 84 804 41 540 798 502 274 887 745 876 938 667 65 456 239 191 639 749 985 254 763 545 126 339 173 217 361 219 370 386 676 774 188 371 264 465 978 541 561 615 950 570 282 115 591 823 751 423 770 263 
226 209 76 446 783 53 853 745 588 157 113 173 15 8 428 59 769 576 710 727 990 269 322 408 545 713 775 103 752 17 197 163 465 581 284 583 637 329 35 72 274 952 328 791 903 612 513 121 314 10 58 687 503 404 307 801 395 579 54 930 133 382 575 424 280 411 233 667 911 160 347 663 876 937 846 578 147 292 140 470 362 551 272 537 939 701 319 98 945 352 506 356 916 435 556 480 715 486 486 359 
912 275 7 27 885 759 483 550 106 605 499 508 791 21 707 903 183 210 801 509 154 5 359 924 553 458 368 758 208 148 789 940 443 818 847 3 75 55 417 744 551 556 654 886 353 873 914 455 123 488 586 68 354 14 141 494 909 176 989 951 780 967 905 805 529 811 678 80 147 343 328 811 246 827 58 249 617 467 406 571 36 548 961 920 550 926 226 522 919 951 549 111 763 532 920 809 371 605 563 485 
97 446 720 685 664 128 227 58 525 502 127 422 108 941 335 501 44 991 884 188 812 842 965 685 196 669 468 730 519 150 942 170 873 303 619 109 479 485 694 721 156 356 743 842 407 170 362 382 931 274 975 843 187 110 316 47 286 669 708 427 579 690 386 426 208 204 57 587 514 657 327 32 498 976 214 795 835 104 338 927 197 372 702 668 430 770 552 250 157 247 987 293 202 603 169 32 326 728 604 918 
331 165 387 565 278 922 630 913 904 857 641 46 632 358 500 358 712 625 592 905 529 122 404 457 2 386 835 212 787 87 260 815 898 977 874 541 142 336 857 85 363 355 657 138 567 508 624 544 417 982 444 845 391 404 251 933 971 929 908 944 486 191 157 923 750 142 735 543 48 787 347 6 534 607 801 565 430 760 513 791 291 976 769 814 677 894 467 638 811 872 836 522 902 944 212 799 730 1 663 17 
738 770 389 443 953 983 813 537 775 494 843 500 500 676 807 513 959 590 565 661 595 769 243 912 602 288 461 326 555 307 561 950 719 409 576 44 130 867 884 824 255 222 62 801 72 25 551 698 389 962 698 322 578 345 931 990 468 146 309 107 162 766 922 141 955 422 505 637 762 572 817 949 961 37 270 986 821 981 284 469 996 260 61 435 579 599 500 887 773 792 899 247 606 413 86 772 462 992 293 619 
477 94 777 364 727 902 656 68 32 254 574 464 465 723 735 448 759 265 508 124 406 573 353 548 97 491 41 799 334 232 609 20 570 720 755 640 71 579 583 757 664 223 921 587 106 88 843 191 222 685 753 595 629 624 654 917 527 949 844 937 78 352 295 763 115 827 36 62 386 144 950 227 177 185 156 828 308 99 391 54 770 788 226 527 486 653 683 442 927 921 845 402 794 932 124 198 646 963 178 672 
815 506 707 463 128 304 424 971 639 503 687 743 342 609 297 543 746 182 932 311 609 180 246 834 449 343 79 966 485 0 501 62 655 85 961 290 426 908 568 238 131 452 352 156 562 860 890 872 264 290 8 587 628 775 971 433 651 672 824 915 337 511 183 306 617 225 568 307 944 822 23 471 819 845 985 736 87 141 672 735 169 787 179 42 103 430 321 675 649 501 438 484 115 679 484 557 893 349 308 943 
722 99 50 207 287 672 253 810 982 135 825 529 276 795 560 893 775 428 195 178 512 363 627 31 443 783 524 473 949 127 643 711 649 334 65 692 106 987 100 217 663 176 172 995 180 277 368 965 867 449 652 808 213 813 139 828 722 318 677 853 616 930 574 148 889 665 548 935 588 878 15 843 817 299 301 874 772 670 353 936 837 672 294 14 345 195 470 255 410 973 154 705 978 257 186 406 223 734 475 96 
752 659 554 602 988 1 138 65 910 689 90 538 962 408 253 572 770 924 827 92 74 989 863 712 145 195 534 452 230 164 860 721 621 143 461 524 809 498 713 161 540 959 969 308 274 631 598 691 236 28 915 659 445 765 917 938 837 275 811 403 646 528 183 339 584 182 46 906 981 805 35 259 749 337 809 92 95 125 943 80 147 959 801 629 688 838 746 169 625 486 30 477 754 643 70 956 261 804 837 389 
402 61 669 947 143 724 913 439 479 518 311 334 35 244 32 160 626 730 873 540 680 436 528 314 214 961 972 542 13 807 392 738 620 809 885 666 131 813 141 457 4 756 106 812 15 971 692 383 454 111 449 4 313 791 380 430 49 241 306 213 952 65 966 200 111 133 6 736 153 451 781 40 785 572 269 243 863 186 748 786 839 329 73 201 89 807 562 671 591 192 132 31 103 369 275 409 788 333 747 78 
855 158 697 956 541 745 896 176 330 463 737 540 337 795 335 368 41 233 226 612 900 163 202 152 828 713 327 703 615 319 206 209 743 814 770 313 739 754 752 905 379 421 934 750 380 91 844 453 227 27 423 467 346 265 706 904 11 18 87 542 801 368 293 332 39 792 326 504 208 631 943 147 620 735 820 96 937 391 823 656 367 696 808 599 976 482 585 605 973 23 458 458 912 924 181 787 245 886 45 364 
359 376 863 453 249 654 261 498 922 461 559 567 980 416 47 241 4 689 626 882 329 392 302 952 962 923 682 82 709 812 286 243 317 571 849 8 432 379 120 71 759 338 185 4 439 649 925 458 675 521 700 188 152 770 235 607 245 956 287 637 878 631 1 571 302 88 713 157 868 98 563 933 885 375 767 529 330 94 287 688 303 94 250 795 840 341 293 217 410 484 880 599 130 682 857 385 328 276 675 780 
146 620 285 681 150 305 995 273 834 925 518 833 618 758 512 748 435 556 49 532 277 596 636 388 310 154 561 887 113 680 24 173 582 243 663 990 12 656 625 364 192 883 876 315 463 740 750 814 948 631 321 603 274 298 730 312 325 243 341 945 866 263 708 925 443 842 667 109 288 356 245 524 309 232 295 596 975 470 937 856 405 288 259 467 563 475 105 898 933 945 381 863 598 899 733 837 894 595 230 616 
693 330 986 865 30 61 987 599 460 844 863 502 597 299 683 285 568 460 186 205 551 422 70 435 404 585 205 89 455 953 798 507 591 562 995 372 743 78 516 55 193 910 235 442 604 675 915 657 62 633 262 755 829 882 732 812 727 227 727 743 863 583 965 950 57 377 41 745 4 102 626 388 892 420 425 72 189 938 463 604 205 33 310 738 819 593 657 970 924 876 232 757 715 394 401 650 578 245 628 770 
584 425 129 466 501 198 33 513 329 370 170 581 389 357 128 840 882 539 717 745 128 834 123 738 761 610 402 365 310 692 410 503 223 596 478 62 928 1 655 622 888 129 843 278 533 718 336 100 644 121 461 799 713 94 313 695 295 141 47 514 966 671 949 765 761 997 537 235 189 41 629 116 672 462 762 994 512 843 79 715 411 686 997 541 330 411 112 527 461 267 399 771 553 535 263 266 310 245 336 345 
273 497 432 763 112 557 617 779 726 520 595 55 312 122 923 479 230 44 393 497 471 594 707 354 388 836 513 810 207 768 602 740 570 33 35 679 76 942 879 829 485 118 909 565 645 561 445 461 809 193 572 261 960 182 18 510 230 743 596 449 152 562 40 639 40 69 71 665 860 168 358 861 11 631 743 517 898 710 385 95 779 214 520 220 151 233 226 473 307 918 630 250 428 79 63 831 718 112 695 413 
336 481 491 663 851 60 758 826 907 23 605 407 482 284 76 90 156 791 25 587 480 620 336 384 969 534 389 201 983 179 893 40 966 820 502 867 144 212 965 244 217 292 125 728 662 999 89 593 158 90 163 949 137 707 672 537 223 870 697 486 575 643 820 62 959 197 358 875 228 378 424 344 541 202 201 130 290 871 29 990 146 689 474 109 390 485 236 764 51 193 873 409 928 640 564 23 509 235 74 297 
