size: 10
	threads: 1, times: 0.0008502, 0.0007707, 0.0004407, 0.0004777, 0.0004765, 0.0006028, 0.0003762, 0.0003684, 0.0004848, 0.0002938, 
	threads: 2, times: 0.000748, 0.000313, 0.0003672, 0.0005163, 0.00043, 0.0003851, 0.0007035, 0.0002422, 0.0003829, 0.0005655, 
	threads: 4, times: 0.0015533, 0.0003418, 0.0003704, 0.0003001, 0.0004045, 0.0004682, 0.0004814, 0.0003989, 0.0004912, 0.0008606, 
	threads: 6, times: 0.0018682, 0.0004347, 0.0003404, 0.0004266, 0.000496, 0.0003281, 0.0004205, 0.0004101, 0.0004592, 0.0004326, 
	threads: 8, times: 0.0031782, 0.0004105, 0.0004103, 0.0003488, 0.000317, 0.0003373, 0.0003625, 0.0002665, 0.0004051, 0.0003335, 
	threads: 10, times: 0.0045849, 0.0004008, 0.0018588, 0.0028402, 0.0004064, 0.0013788, 0.0009864, 0.002666, 0.0007858, 0.0003908, 
	threads: 12, times: 0.0043988, 0.0003968, 0.0003547, 0.0011427, 0.0007348, 0.0005867, 0.0005295, 0.0006184, 0.0005256, 0.0005996, 
	threads: 14, times: 0.010503, 0.0007501, 0.0011963, 0.0008344, 0.000376, 0.0003353, 0.0003498, 0.0005225, 0.0030854, 0.0016784, 
	threads: 16, times: 0.0074016, 0.0004826, 0.0004016, 0.0003557, 0.0003564, 0.0004489, 0.0004079, 0.0003974, 0.000547, 0.0008394, 
size: 100
	threads: 1, times: 0.0506812, 0.0391061, 0.0402282, 0.0393011, 0.0451514, 0.0534969, 0.0463757, 0.0475274, 0.0533198, 0.0469001, 
	threads: 2, times: 0.0204932, 0.02169, 0.0262849, 0.0271306, 0.0244766, 0.0268302, 0.0364687, 0.0295717, 0.024048, 0.024785, 
	threads: 4, times: 0.0164998, 0.0162364, 0.0213629, 0.0168576, 0.0154882, 0.0141828, 0.0145367, 0.0158276, 0.0139476, 0.0113448, 
	threads: 6, times: 0.0116074, 0.0120667, 0.0103484, 0.0109654, 0.0104165, 0.0107129, 0.0103459, 0.0104037, 0.0104881, 0.0106184, 
	threads: 8, times: 0.0113032, 0.0087439, 0.0081652, 0.0091079, 0.0090059, 0.008735, 0.00879, 0.0083928, 0.0086948, 0.0085613, 
	threads: 10, times: 0.0116166, 0.0070355, 0.0089886, 0.014929, 0.0086568, 0.0099424, 0.0073479, 0.007742, 0.0089009, 0.0121972, 
	threads: 12, times: 0.0333855, 0.0126092, 0.013974, 0.0126319, 0.011644, 0.0114082, 0.0108254, 0.0102882, 0.0102143, 0.0105977, 
	threads: 14, times: 0.0143871, 0.0094815, 0.0116845, 0.010245, 0.0107332, 0.0092622, 0.0103433, 0.0097417, 0.0092571, 0.0100879, 
	threads: 16, times: 0.0262306, 0.0098495, 0.0091339, 0.0086547, 0.0086272, 0.0089292, 0.0104702, 0.008358, 0.0200384, 0.0090766, 
size: 200
	threads: 1, times: 0.280776, 0.286392, 0.307798, 0.273958, 0.272157, 0.265795, 0.282155, 0.265873, 0.270808, 0.274787, 
	threads: 2, times: 0.173039, 0.253192, 0.212196, 0.165421, 0.138095, 0.206827, 0.152545, 0.151391, 0.16596, 0.157883, 
	threads: 4, times: 0.123612, 0.125551, 0.122697, 0.111082, 0.0837284, 0.105448, 0.104919, 0.090695, 0.0973497, 0.0850931, 
	threads: 6, times: 0.0758121, 0.0872545, 0.0853364, 0.0753369, 0.0625594, 0.0766648, 0.0721698, 0.0748554, 0.0780492, 0.0700045, 
	threads: 8, times: 0.0583333, 0.0675252, 0.0635484, 0.0612015, 0.0625607, 0.056236, 0.0571448, 0.0575841, 0.0618302, 0.0566238, 
	threads: 10, times: 0.0577237, 0.0662698, 0.0613305, 0.0500972, 0.0463261, 0.046433, 0.0523193, 0.0464083, 0.0495848, 0.046729, 
	threads: 12, times: 0.0613866, 0.0765221, 0.0770679, 0.0659037, 0.0410815, 0.0430074, 0.0651374, 0.0723913, 0.0703547, 0.0632848, 
	threads: 14, times: 0.0661678, 0.0784369, 0.0699679, 0.0690835, 0.0673209, 0.0638773, 0.0650422, 0.0634455, 0.0641514, 0.067295, 
	threads: 16, times: 0.0651217, 0.0676764, 0.0686053, 0.0590654, 0.0570227, 0.06265, 0.0615701, 0.0620926, 0.0587257, 0.0599573, 
size: 500
	threads: 1, times: 4.68425, 4.34128, 4.27521, 4.30469, 4.21273, 4.21008, 4.18901, 4.32326, 4.23594, 4.33226, 
	threads: 2, times: 2.39026, 2.50216, 2.45242, 2.4258, 2.57146, 2.41547, 2.51046, 2.22658, 2.33019, 2.38875, 
	threads: 4, times: 1.43539, 1.38964, 1.50585, 1.51092, 1.52894, 1.45038, 1.44302, 1.47444, 1.49402, 1.38431, 
	threads: 6, times: 1.15972, 1.12296, 1.2108, 1.13554, 1.12783, 1.60592, 1.29252, 1.72364, 1.27999, 1.1764, 
	threads: 8, times: 1.0585, 0.93289, 0.934939, 0.931756, 0.962154, 0.992294, 0.945719, 1.06605, 0.94328, 1.00872, 
	threads: 10, times: 0.873657, 0.92552, 0.816752, 0.882311, 0.796855, 0.813295, 0.820825, 0.797792, 0.832958, 0.856778, 
	threads: 12, times: 0.832461, 0.802047, 0.808246, 0.790786, 0.772359, 0.79514, 0.792817, 0.738398, 0.823374, 0.813289, 
	threads: 14, times: 0.80607, 0.990979, 0.91344, 0.987739, 0.91058, 0.806181, 0.813668, 0.816635, 0.786615, 0.853861, 
	threads: 16, times: 0.901949, 0.85827, 0.929129, 0.900368, 0.834057, 0.868137, 0.946299, 1.09855, 0.948372, 0.836772, 
size: 800
	threads: 1, times: 17.3858, 17.2187, 17.1257, 17.2047, 17.2104, 17.3951, 17.9332, 17.1711, 17.4726, 17.7383, 
	threads: 2, times: 10.3389, 10.0315, 10.2905, 9.92903, 9.93541, 9.82871, 9.78833, 10.4224, 10.1316, 9.73191, 
	threads: 4, times: 5.97652, 6.13954, 5.96148, 6.28131, 6.16781, 6.16141, 6.25112, 6.18705, 6.21762, 6.13864, 
	threads: 6, times: 4.85314, 5.60641, 4.69026, 4.96399, 4.58129, 4.65289, 4.61051, 4.55854, 4.67796, 4.56406, 
	threads: 8, times: 3.97274, 4.12046, 3.93082, 3.87912, 3.94577, 3.89685, 3.77256, 3.7664, 3.72938, 3.74552, 
	threads: 10, times: 3.31655, 3.4006, 3.46162, 3.39492, 3.3727, 3.39939, 3.59065, 3.53554, 3.50855, 3.52909, 
	threads: 12, times: 3.33639, 3.31428, 3.38949, 3.30946, 3.31895, 3.3085, 3.30947, 3.30813, 3.34818, 3.33283, 
	threads: 14, times: 3.38433, 3.51653, 3.32334, 3.34049, 3.395, 3.33265, 3.50454, 3.49936, 3.41001, 3.36359, 
	threads: 16, times: 3.33235, 3.48061, 3.37612, 3.42007, 3.386, 3.29165, 3.41297, 3.27424, 3.4241, 3.41703, 
size: 1000
	threads: 1, times: 39.7665, 38.7443, 38.2534, 37.0673, 37.6312, 37.1677, 36.6781, 36.9442, 36.8398, 36.637, 
	threads: 2, times: 21.127, 21.1541, 21.6443, 21.4763, 21.5475, 21.2389, 21.5763, 22.3593, 20.4154, 21.7343, 
	threads: 4, times: 13.3514, 12.4605, 12.7691, 13.0269, 13.0599, 13.0334, 13.3192, 12.7684, 12.7945, 13.5417, 
	threads: 6, times: 10.1364, 10.3145, 9.97053, 10.3692, 9.99641, 10.0534, 10.0799, 10.0894, 10.166, 9.96201, 
	threads: 8, times: 8.41697, 8.46899, 8.35335, 8.39066, 8.49573, 8.37044, 9.39665, 8.4873, 8.51282, 8.4691, 
	threads: 10, times: 7.65346, 7.38029, 7.40429, 7.30769, 7.37908, 7.34927, 7.35098, 7.32554, 7.37598, 7.30974, 
	threads: 12, times: 6.96656, 7.02865, 7.01283, 7.02147, 6.97554, 6.96145, 7.01191, 7.00766, 7.26533, 7.02954, 
	threads: 14, times: 7.11151, 7.09579, 7.12766, 7.03649, 7.40507, 7.41775, 7.68678, 7.34086, 7.06471, 7.04142, 
	threads: 16, times: 7.16553, 7.02281, 6.93249, 7.0972, 6.96896, 7.20791, 7.19376, 7.0163, 7.04382, 7.31576, 
size: 1500
	threads: 1, times: 172.25, 170.986, 174.808, 170.557, 170.832, 184.056, 174.847, 174.06, 170.461, 174.204, 
	threads: 2, times: 104.49, 104.469, 105.724, 109.995, 108.086, 108.078, 105.328, 106.111, 104.155, 107.09, 
	threads: 4, times: 56.0695, 56.1523, 55.9612, 56.5503, 57.1754, 56.6166, 57.5062, 56.0476, 56.5804, 56.0942, 
	threads: 6, times: 38.7031, 43.2162, 42.9587, 36.1734, 35.9529, 36.3149, 36.0473, 36.2876, 36.2429, 35.9768, 
	threads: 8, times: 30.9386, 33.8164, 31.8698, 33.1371, 33.0534, 32.9732, 33.0075, 33.0246, 32.9171, 32.7777, 
	threads: 10, times: 29.4888, 29.3458, 29.2675, 29.9437, 29.7346, 29.808, 30.2679, 29.3879, 29.4064, 29.5641, 
	threads: 12, times: 28.5181, 28.5796, 30.5595, 29.5259, 28.5925, 28.2151, 28.4727, 28.4432, 28.5418, 28.364, 
	threads: 14, times: 29.5003, 31.0907, 28.3766, 28.9967, 29.1073, 29.3966, 28.2923, 28.7108, 29.1579, 28.7573, 
	threads: 16, times: 29.5964, 28.913, 28.8955, 30.9868, 30.7386, 33.2635, 29.5065, 30.2128, 32.1164, 37.4865, 
